"State","District","Date","Year","Month","Avg_rainfall","Agency_name"
"Uttar Pradesh","Mirzapur","2009-04-02",2009,4,0.0,"IMD GRID MODEL"
"Uttar Pradesh","Mirzapur","2009-04-03",2009,4,0.0,"IMD GRID MODEL"
"Uttar Pradesh","Mirzapur","2009-04-04",2009,4,0.0,"IMD GRID MODEL"
"Uttar Pradesh","Mirzapur","2009-04-05",2009,4,0.0,"IMD GRID MODEL"
"Uttar Pradesh","Mirzapur","2009-04-06",2009,4,0.0,"IMD GRID MODEL"
"Uttar Pradesh","Mirzapur","2009-04-07",2009,4,0.0,"IMD GRID MODEL"
"Uttar Pradesh","Mirzapur","2009-04-08",2009,4,0.0,"IMD GRID MODEL"
"Uttar Pradesh","Mirzapur","2009-04-09",2009,4,0.0,"IMD GRID MODEL"
"Uttar Pradesh","Mirzapur","2009-04-10",2009,4,0.0,"IMD GRID MODEL"
"Uttar Pradesh","Mirzapur","2009-04-12",2009,4,0.0,"IMD GRID MODEL"
"Uttar Pradesh","Mirzapur","2009-04-11",2009,4,0.0,"IMD GRID MODEL"
"Uttar Pradesh","Mirzapur","2009-04-13",2009,4,0.0,"IMD GRID MODEL"
"Uttar Pradesh","Mirzapur","2009-04-14",2009,4,0.0,"IMD GRID MODEL"
"Uttar Pradesh","Mirzapur","2009-04-15",2009,4,0.0,"IMD GRID MODEL"
"Uttar Pradesh","Mirzapur","2009-04-16",2009,4,0.0,"IMD GRID MODEL"
"Uttar Pradesh","Mirzapur","2009-04-17",2009,4,0.0,"IMD GRID MODEL"
"Uttar Pradesh","Mirzapur","2009-04-18",2009,4,0.0,"IMD GRID MODEL"
"Uttar Pradesh","Mirzapur","2009-04-19",2009,4,0.0,"IMD GRID MODEL"
"Uttar Pradesh","Mirzapur","2009-04-20",2009,4,0.0,"IMD GRID MODEL"
"Uttar Pradesh","Mirzapur","2009-04-21",2009,4,0.0,"IMD GRID MODEL"
"Uttar Pradesh","Mirzapur","2009-04-22",2009,4,0.0,"IMD GRID MODEL"
"Uttar Pradesh","Mirzapur","2009-04-23",2009,4,0.0,"IMD GRID MODEL"
"Uttar Pradesh","Mirzapur","2009-04-24",2009,4,0.358835629,"IMD GRID MODEL"
"Uttar Pradesh","Mirzapur","2009-04-25",2009,4,0.0,"IMD GRID MODEL"
"Uttar Pradesh","Mirzapur","2009-04-26",2009,4,0.0,"IMD GRID MODEL"
"Uttar Pradesh","Mirzapur","2009-04-27",2009,4,0.0,"IMD GRID MODEL"
"Uttar Pradesh","Mirzapur","2009-04-28",2009,4,0.0,"IMD GRID MODEL"
"Uttar Pradesh","Mirzapur","2009-04-29",2009,4,0.0,"IMD GRID MODEL"
"Uttar Pradesh","Mirzapur","2009-04-30",2009,4,0.0,"IMD GRID MODEL"
"Uttar Pradesh","Mirzapur","2009-08-02",2009,8,1.07363046,"IMD GRID MODEL"
"Uttar Pradesh","Mirzapur","2009-08-03",2009,8,2.164453479,"IMD GRID MODEL"
"Uttar Pradesh","Mirzapur","2009-08-04",2009,8,8.861562353,"IMD GRID MODEL"
"Uttar Pradesh","Mirzapur","2009-08-05",2009,8,9.669090225,"IMD GRID MODEL"
"Uttar Pradesh","Mirzapur","2009-08-06",2009,8,25.3456871,"IMD GRID MODEL"
"Uttar Pradesh","Mirzapur","2009-08-01",2009,8,0.434797565,"IMD GRID MODEL"
"Uttar Pradesh","Mirzapur","2009-08-07",2009,8,14.5781787,"IMD GRID MODEL"
"Uttar Pradesh","Mirzapur","2009-08-08",2009,8,4.596953143,"IMD GRID MODEL"
"Uttar Pradesh","Mirzapur","2009-08-09",2009,8,2.203892426,"IMD GRID MODEL"
"Uttar Pradesh","Mirzapur","2009-08-10",2009,8,3.581245319,"IMD GRID MODEL"
"Uttar Pradesh","Mirzapur","2009-08-11",2009,8,4.070073514,"IMD GRID MODEL"
"Uttar Pradesh","Mirzapur","2009-08-13",2009,8,1.41733925,"IMD GRID MODEL"
"Uttar Pradesh","Mirzapur","2009-08-14",2009,8,0.743925877,"IMD GRID MODEL"
"Uttar Pradesh","Mirzapur","2009-08-15",2009,8,4.63892937,"IMD GRID MODEL"
"Uttar Pradesh","Mirzapur","2009-08-16",2009,8,11.96326785,"IMD GRID MODEL"
"Uttar Pradesh","Mirzapur","2009-08-17",2009,8,5.126356428,"IMD GRID MODEL"
"Uttar Pradesh","Mirzapur","2009-08-18",2009,8,41.58530051,"IMD GRID MODEL"
"Uttar Pradesh","Mirzapur","2009-08-19",2009,8,3.850108877,"IMD GRID MODEL"
"Uttar Pradesh","Mirzapur","2009-08-20",2009,8,0.057727391,"IMD GRID MODEL"
"Uttar Pradesh","Mirzapur","2009-08-21",2009,8,9.643445754,"IMD GRID MODEL"
"Uttar Pradesh","Mirzapur","2009-08-22",2009,8,0.642906262,"IMD GRID MODEL"
"Uttar Pradesh","Mirzapur","2009-08-23",2009,8,0.00263987,"IMD GRID MODEL"
"Uttar Pradesh","Mirzapur","2009-08-24",2009,8,0.0,"IMD GRID MODEL"
"Uttar Pradesh","Mirzapur","2009-08-25",2009,8,0.539863682,"IMD GRID MODEL"
"Uttar Pradesh","Mirzapur","2009-08-26",2009,8,28.96376848,"IMD GRID MODEL"
"Uttar Pradesh","Mirzapur","2009-08-27",2009,8,5.163562947,"IMD GRID MODEL"
"Uttar Pradesh","Mirzapur","2009-08-28",2009,8,0.0,"IMD GRID MODEL"
"Uttar Pradesh","Mirzapur","2009-08-29",2009,8,0.0,"IMD GRID MODEL"
"Uttar Pradesh","Mirzapur","2009-08-30",2009,8,0.123839949,"IMD GRID MODEL"
"Uttar Pradesh","Mirzapur","2009-08-31",2009,8,0.011677698,"IMD GRID MODEL"
"Uttar Pradesh","Mirzapur","2009-08-12",2009,8,2.140974318,"IMD GRID MODEL"
"Uttar Pradesh","Mirzapur","2009-12-01",2009,12,0.0,"IMD GRID MODEL"
"Uttar Pradesh","Mirzapur","2009-12-02",2009,12,0.0,"IMD GRID MODEL"
"Uttar Pradesh","Mirzapur","2009-12-03",2009,12,0.0,"IMD GRID MODEL"
"Uttar Pradesh","Mirzapur","2009-12-04",2009,12,0.0,"IMD GRID MODEL"
"Uttar Pradesh","Mirzapur","2009-12-05",2009,12,0.0,"IMD GRID MODEL"
"Uttar Pradesh","Mirzapur","2009-12-06",2009,12,0.0,"IMD GRID MODEL"
"Uttar Pradesh","Mirzapur","2009-12-07",2009,12,0.0,"IMD GRID MODEL"
"Uttar Pradesh","Mirzapur","2009-12-08",2009,12,0.0,"IMD GRID MODEL"
"Uttar Pradesh","Mirzapur","2009-12-09",2009,12,0.0,"IMD GRID MODEL"
"Uttar Pradesh","Mirzapur","2009-12-10",2009,12,0.0,"IMD GRID MODEL"
"Uttar Pradesh","Mirzapur","2009-12-11",2009,12,0.0,"IMD GRID MODEL"
"Uttar Pradesh","Mirzapur","2009-12-12",2009,12,0.0,"IMD GRID MODEL"
"Uttar Pradesh","Mirzapur","2009-12-13",2009,12,1.12893851,"IMD GRID MODEL"
"Uttar Pradesh","Mirzapur","2009-12-14",2009,12,0.97514994,"IMD GRID MODEL"
"Uttar Pradesh","Mirzapur","2009-12-15",2009,12,1.617188064,"IMD GRID MODEL"
"Uttar Pradesh","Mirzapur","2009-12-16",2009,12,13.01727777,"IMD GRID MODEL"
"Uttar Pradesh","Mirzapur","2009-12-17",2009,12,0.0,"IMD GRID MODEL"
"Uttar Pradesh","Mirzapur","2009-12-18",2009,12,0.0,"IMD GRID MODEL"
"Uttar Pradesh","Mirzapur","2009-12-19",2009,12,0.0,"IMD GRID MODEL"
"Uttar Pradesh","Mirzapur","2009-12-20",2009,12,0.0,"IMD GRID MODEL"
"Uttar Pradesh","Mirzapur","2009-12-21",2009,12,0.0,"IMD GRID MODEL"
"Uttar Pradesh","Mirzapur","2009-12-22",2009,12,0.0,"IMD GRID MODEL"
"Uttar Pradesh","Mirzapur","2009-12-23",2009,12,0.0,"IMD GRID MODEL"
"Uttar Pradesh","Mirzapur","2009-12-24",2009,12,0.0,"IMD GRID MODEL"
"Uttar Pradesh","Mirzapur","2009-12-25",2009,12,0.0,"IMD GRID MODEL"
"Uttar Pradesh","Mirzapur","2009-12-26",2009,12,0.0,"IMD GRID MODEL"
"Uttar Pradesh","Mirzapur","2009-12-27",2009,12,0.0,"IMD GRID MODEL"
"Uttar Pradesh","Mirzapur","2009-12-28",2009,12,0.0,"IMD GRID MODEL"
"Uttar Pradesh","Mirzapur","2009-12-29",2009,12,0.0,"IMD GRID MODEL"
"Uttar Pradesh","Mirzapur","2009-12-30",2009,12,0.0,"IMD GRID MODEL"
"Uttar Pradesh","Mirzapur","2009-12-31",2009,12,0.0,"IMD GRID MODEL"
"Uttar Pradesh","Mirzapur","2009-02-01",2009,2,0.0,"IMD GRID MODEL"
"Uttar Pradesh","Mirzapur","2009-02-02",2009,2,0.0,"IMD GRID MODEL"
"Uttar Pradesh","Mirzapur","2009-02-03",2009,2,0.0,"IMD GRID MODEL"
"Uttar Pradesh","Mirzapur","2009-02-04",2009,2,0.0,"IMD GRID MODEL"
"Uttar Pradesh","Mirzapur","2009-02-05",2009,2,0.0,"IMD GRID MODEL"
"Uttar Pradesh","Mirzapur","2009-02-06",2009,2,0.121131094,"IMD GRID MODEL"
"Uttar Pradesh","Mirzapur","2009-02-07",2009,2,0.226439244,"IMD GRID MODEL"
"Uttar Pradesh","Mirzapur","2009-02-08",2009,2,0.0,"IMD GRID MODEL"
"Uttar Pradesh","Mirzapur","2009-02-09",2009,2,0.0,"IMD GRID MODEL"
"Uttar Pradesh","Mirzapur","2009-02-10",2009,2,0.0,"IMD GRID MODEL"
"Uttar Pradesh","Mirzapur","2009-02-11",2009,2,0.0,"IMD GRID MODEL"
"Uttar Pradesh","Mirzapur","2009-02-12",2009,2,0.0,"IMD GRID MODEL"
"Uttar Pradesh","Mirzapur","2009-02-13",2009,2,0.0,"IMD GRID MODEL"
"Uttar Pradesh","Mirzapur","2009-02-14",2009,2,0.0,"IMD GRID MODEL"
"Uttar Pradesh","Mirzapur","2009-02-15",2009,2,0.0,"IMD GRID MODEL"
"Uttar Pradesh","Mirzapur","2009-02-16",2009,2,0.0,"IMD GRID MODEL"
"Uttar Pradesh","Mirzapur","2009-02-17",2009,2,0.0,"IMD GRID MODEL"
"Uttar Pradesh","Mirzapur","2009-02-18",2009,2,0.0,"IMD GRID MODEL"
"Uttar Pradesh","Mirzapur","2009-02-19",2009,2,0.0,"IMD GRID MODEL"
"Uttar Pradesh","Mirzapur","2009-02-20",2009,2,0.0,"IMD GRID MODEL"
"Uttar Pradesh","Mirzapur","2009-02-21",2009,2,0.0,"IMD GRID MODEL"
"Uttar Pradesh","Mirzapur","2009-02-22",2009,2,0.0,"IMD GRID MODEL"
"Uttar Pradesh","Mirzapur","2009-02-23",2009,2,0.0,"IMD GRID MODEL"
"Uttar Pradesh","Mirzapur","2009-02-24",2009,2,0.0,"IMD GRID MODEL"
"Uttar Pradesh","Mirzapur","2009-02-25",2009,2,0.0,"IMD GRID MODEL"
"Uttar Pradesh","Mirzapur","2009-02-26",2009,2,0.0,"IMD GRID MODEL"
"Uttar Pradesh","Mirzapur","2009-02-27",2009,2,0.0,"IMD GRID MODEL"
"Uttar Pradesh","Mirzapur","2009-02-28",2009,2,0.0,"IMD GRID MODEL"
"Uttar Pradesh","Mirzapur","2009-01-01",2009,1,0.0,"IMD GRID MODEL"
"Uttar Pradesh","Mirzapur","2009-01-02",2009,1,0.0,"IMD GRID MODEL"
"Uttar Pradesh","Mirzapur","2009-01-03",2009,1,0.0,"IMD GRID MODEL"
"Uttar Pradesh","Mirzapur","2009-01-04",2009,1,0.0,"IMD GRID MODEL"
"Uttar Pradesh","Mirzapur","2009-01-05",2009,1,0.0,"IMD GRID MODEL"
"Uttar Pradesh","Mirzapur","2009-01-06",2009,1,0.121131094,"IMD GRID MODEL"
"Uttar Pradesh","Mirzapur","2009-01-07",2009,1,0.226439244,"IMD GRID MODEL"
"Uttar Pradesh","Mirzapur","2009-01-08",2009,1,0.0,"IMD GRID MODEL"
"Uttar Pradesh","Mirzapur","2009-01-09",2009,1,0.0,"IMD GRID MODEL"
"Uttar Pradesh","Mirzapur","2009-01-10",2009,1,0.0,"IMD GRID MODEL"
"Uttar Pradesh","Mirzapur","2009-01-11",2009,1,0.0,"IMD GRID MODEL"
"Uttar Pradesh","Mirzapur","2009-01-12",2009,1,0.0,"IMD GRID MODEL"
"Uttar Pradesh","Mirzapur","2009-01-13",2009,1,0.0,"IMD GRID MODEL"
"Uttar Pradesh","Mirzapur","2009-01-14",2009,1,0.0,"IMD GRID MODEL"
"Uttar Pradesh","Mirzapur","2009-01-15",2009,1,0.0,"IMD GRID MODEL"
"Uttar Pradesh","Mirzapur","2009-01-16",2009,1,0.0,"IMD GRID MODEL"
"Uttar Pradesh","Mirzapur","2009-01-17",2009,1,0.0,"IMD GRID MODEL"
"Uttar Pradesh","Mirzapur","2009-01-18",2009,1,0.0,"IMD GRID MODEL"
"Uttar Pradesh","Mirzapur","2009-01-19",2009,1,0.0,"IMD GRID MODEL"
"Uttar Pradesh","Mirzapur","2009-01-20",2009,1,0.0,"IMD GRID MODEL"
"Uttar Pradesh","Mirzapur","2009-01-21",2009,1,0.0,"IMD GRID MODEL"
"Uttar Pradesh","Mirzapur","2009-01-22",2009,1,0.0,"IMD GRID MODEL"
"Uttar Pradesh","Mirzapur","2009-01-23",2009,1,0.0,"IMD GRID MODEL"
"Uttar Pradesh","Mirzapur","2009-01-24",2009,1,0.0,"IMD GRID MODEL"
"Uttar Pradesh","Mirzapur","2009-01-25",2009,1,0.0,"IMD GRID MODEL"
"Uttar Pradesh","Mirzapur","2009-01-26",2009,1,0.0,"IMD GRID MODEL"
"Uttar Pradesh","Mirzapur","2009-01-27",2009,1,0.0,"IMD GRID MODEL"
"Uttar Pradesh","Mirzapur","2009-01-28",2009,1,0.0,"IMD GRID MODEL"
"Uttar Pradesh","Mirzapur","2009-01-29",2009,1,0.0,"IMD GRID MODEL"
"Uttar Pradesh","Mirzapur","2009-01-30",2009,1,0.0,"IMD GRID MODEL"
"Uttar Pradesh","Mirzapur","2009-01-31",2009,1,0.0,"IMD GRID MODEL"
"Uttar Pradesh","Mirzapur","2009-07-01",2009,7,0.0,"IMD GRID MODEL"
"Uttar Pradesh","Mirzapur","2009-07-02",2009,7,0.10771103,"IMD GRID MODEL"
"Uttar Pradesh","Mirzapur","2009-07-03",2009,7,0.253611495,"IMD GRID MODEL"
"Uttar Pradesh","Mirzapur","2009-07-04",2009,7,0.0,"IMD GRID MODEL"
"Uttar Pradesh","Mirzapur","2009-07-05",2009,7,0.048750918,"IMD GRID MODEL"
"Uttar Pradesh","Mirzapur","2009-07-06",2009,7,0.808453046,"IMD GRID MODEL"
"Uttar Pradesh","Mirzapur","2009-07-07",2009,7,0.0,"IMD GRID MODEL"
"Uttar Pradesh","Mirzapur","2009-07-08",2009,7,0.0,"IMD GRID MODEL"
"Uttar Pradesh","Mirzapur","2009-07-09",2009,7,0.0,"IMD GRID MODEL"
"Uttar Pradesh","Mirzapur","2009-07-10",2009,7,0.0,"IMD GRID MODEL"
"Uttar Pradesh","Mirzapur","2009-07-11",2009,7,0.0,"IMD GRID MODEL"
"Uttar Pradesh","Mirzapur","2009-07-12",2009,7,0.0,"IMD GRID MODEL"
"Uttar Pradesh","Mirzapur","2009-07-13",2009,7,0.0,"IMD GRID MODEL"
"Uttar Pradesh","Mirzapur","2009-07-14",2009,7,0.0,"IMD GRID MODEL"
"Uttar Pradesh","Mirzapur","2009-07-15",2009,7,0.0,"IMD GRID MODEL"
"Uttar Pradesh","Mirzapur","2009-07-16",2009,7,0.0,"IMD GRID MODEL"
"Uttar Pradesh","Mirzapur","2009-07-17",2009,7,0.0,"IMD GRID MODEL"
"Uttar Pradesh","Mirzapur","2009-07-18",2009,7,0.0,"IMD GRID MODEL"
"Uttar Pradesh","Mirzapur","2009-07-19",2009,7,0.0,"IMD GRID MODEL"
"Uttar Pradesh","Mirzapur","2009-07-20",2009,7,0.0,"IMD GRID MODEL"
"Uttar Pradesh","Mirzapur","2009-07-21",2009,7,0.0,"IMD GRID MODEL"
"Uttar Pradesh","Mirzapur","2009-07-22",2009,7,0.0,"IMD GRID MODEL"
"Uttar Pradesh","Mirzapur","2009-07-23",2009,7,0.0,"IMD GRID MODEL"
"Uttar Pradesh","Mirzapur","2009-07-24",2009,7,0.0,"IMD GRID MODEL"
"Uttar Pradesh","Mirzapur","2009-07-25",2009,7,0.0,"IMD GRID MODEL"
"Uttar Pradesh","Mirzapur","2009-07-26",2009,7,1.140039665,"IMD GRID MODEL"
"Uttar Pradesh","Mirzapur","2009-07-27",2009,7,2.251204807,"IMD GRID MODEL"
"Uttar Pradesh","Mirzapur","2009-07-28",2009,7,3.902551869,"IMD GRID MODEL"
"Uttar Pradesh","Mirzapur","2009-07-29",2009,7,0.646588086,"IMD GRID MODEL"
"Uttar Pradesh","Mirzapur","2009-07-30",2009,7,5.225950523,"IMD GRID MODEL"
"Uttar Pradesh","Mirzapur","2009-07-31",2009,7,9.056438022,"IMD GRID MODEL"
"Uttar Pradesh","Mirzapur","2009-06-02",2009,6,0.0,"IMD GRID MODEL"
"Uttar Pradesh","Mirzapur","2009-06-03",2009,6,0.0,"IMD GRID MODEL"
"Uttar Pradesh","Mirzapur","2009-06-04",2009,6,0.0,"IMD GRID MODEL"
"Uttar Pradesh","Mirzapur","2009-06-01",2009,6,0.0,"IMD GRID MODEL"
"Uttar Pradesh","Mirzapur","2009-06-05",2009,6,0.0,"IMD GRID MODEL"
"Uttar Pradesh","Mirzapur","2009-06-06",2009,6,0.0,"IMD GRID MODEL"
"Uttar Pradesh","Mirzapur","2009-06-07",2009,6,0.0,"IMD GRID MODEL"
"Uttar Pradesh","Mirzapur","2009-06-08",2009,6,0.0,"IMD GRID MODEL"
"Uttar Pradesh","Mirzapur","2009-06-09",2009,6,0.0,"IMD GRID MODEL"
"Uttar Pradesh","Mirzapur","2009-06-10",2009,6,0.497933399,"IMD GRID MODEL"
"Uttar Pradesh","Mirzapur","2009-06-11",2009,6,0.0,"IMD GRID MODEL"
"Uttar Pradesh","Mirzapur","2009-06-12",2009,6,0.0,"IMD GRID MODEL"
"Uttar Pradesh","Mirzapur","2009-06-13",2009,6,0.0,"IMD GRID MODEL"
"Uttar Pradesh","Mirzapur","2009-06-14",2009,6,0.0,"IMD GRID MODEL"
"Uttar Pradesh","Mirzapur","2009-06-15",2009,6,0.0,"IMD GRID MODEL"
"Uttar Pradesh","Mirzapur","2009-06-16",2009,6,0.0,"IMD GRID MODEL"
"Uttar Pradesh","Mirzapur","2009-06-17",2009,6,0.0,"IMD GRID MODEL"
"Uttar Pradesh","Mirzapur","2009-06-18",2009,6,0.0,"IMD GRID MODEL"
"Uttar Pradesh","Mirzapur","2009-06-19",2009,6,0.008092797,"IMD GRID MODEL"
"Uttar Pradesh","Mirzapur","2009-06-20",2009,6,0.0,"IMD GRID MODEL"
"Uttar Pradesh","Mirzapur","2009-06-21",2009,6,0.0,"IMD GRID MODEL"
"Uttar Pradesh","Mirzapur","2009-06-22",2009,6,0.0,"IMD GRID MODEL"
"Uttar Pradesh","Mirzapur","2009-06-23",2009,6,0.0,"IMD GRID MODEL"
"Uttar Pradesh","Mirzapur","2009-06-24",2009,6,0.211364095,"IMD GRID MODEL"
"Uttar Pradesh","Mirzapur","2009-06-25",2009,6,0.005268664,"IMD GRID MODEL"
"Uttar Pradesh","Mirzapur","2009-06-26",2009,6,0.048750918,"IMD GRID MODEL"
"Uttar Pradesh","Mirzapur","2009-06-27",2009,6,0.133085057,"IMD GRID MODEL"
"Uttar Pradesh","Mirzapur","2009-06-28",2009,6,0.0,"IMD GRID MODEL"
"Uttar Pradesh","Mirzapur","2009-06-29",2009,6,0.626584213,"IMD GRID MODEL"
"Uttar Pradesh","Mirzapur","2009-06-30",2009,6,0.0,"IMD GRID MODEL"
"Uttar Pradesh","Mirzapur","2009-03-01",2009,3,0.0,"IMD GRID MODEL"
"Uttar Pradesh","Mirzapur","2009-03-02",2009,3,0.0,"IMD GRID MODEL"
"Uttar Pradesh","Mirzapur","2009-03-03",2009,3,0.0,"IMD GRID MODEL"
"Uttar Pradesh","Mirzapur","2009-03-04",2009,3,0.0,"IMD GRID MODEL"
"Uttar Pradesh","Mirzapur","2009-03-05",2009,3,0.0,"IMD GRID MODEL"
"Uttar Pradesh","Mirzapur","2009-03-06",2009,3,0.0,"IMD GRID MODEL"
"Uttar Pradesh","Mirzapur","2009-03-07",2009,3,0.0,"IMD GRID MODEL"
"Uttar Pradesh","Mirzapur","2009-03-08",2009,3,0.0,"IMD GRID MODEL"
"Uttar Pradesh","Mirzapur","2009-03-09",2009,3,0.0,"IMD GRID MODEL"
"Uttar Pradesh","Mirzapur","2009-03-10",2009,3,0.0,"IMD GRID MODEL"
"Uttar Pradesh","Mirzapur","2009-03-11",2009,3,0.0,"IMD GRID MODEL"
"Uttar Pradesh","Mirzapur","2009-03-12",2009,3,0.0,"IMD GRID MODEL"
"Uttar Pradesh","Mirzapur","2009-03-13",2009,3,0.0,"IMD GRID MODEL"
"Uttar Pradesh","Mirzapur","2009-03-14",2009,3,0.0,"IMD GRID MODEL"
"Uttar Pradesh","Mirzapur","2009-03-15",2009,3,0.0,"IMD GRID MODEL"
"Uttar Pradesh","Mirzapur","2009-03-16",2009,3,0.0,"IMD GRID MODEL"
"Uttar Pradesh","Mirzapur","2009-03-17",2009,3,0.0,"IMD GRID MODEL"
"Uttar Pradesh","Mirzapur","2009-03-18",2009,3,0.0,"IMD GRID MODEL"
"Uttar Pradesh","Mirzapur","2009-03-19",2009,3,0.0,"IMD GRID MODEL"
"Uttar Pradesh","Mirzapur","2009-03-20",2009,3,0.0,"IMD GRID MODEL"
"Uttar Pradesh","Mirzapur","2009-03-21",2009,3,0.0,"IMD GRID MODEL"
"Uttar Pradesh","Mirzapur","2009-03-22",2009,3,0.0,"IMD GRID MODEL"
"Uttar Pradesh","Mirzapur","2009-03-23",2009,3,0.0,"IMD GRID MODEL"
"Uttar Pradesh","Mirzapur","2009-03-24",2009,3,0.0,"IMD GRID MODEL"
"Uttar Pradesh","Mirzapur","2009-03-25",2009,3,0.0,"IMD GRID MODEL"
"Uttar Pradesh","Mirzapur","2009-03-26",2009,3,0.0,"IMD GRID MODEL"
"Uttar Pradesh","Mirzapur","2009-03-27",2009,3,0.0,"IMD GRID MODEL"
"Uttar Pradesh","Mirzapur","2009-03-28",2009,3,0.0,"IMD GRID MODEL"
"Uttar Pradesh","Mirzapur","2009-03-29",2009,3,0.0,"IMD GRID MODEL"
"Uttar Pradesh","Mirzapur","2009-03-30",2009,3,0.0,"IMD GRID MODEL"
"Uttar Pradesh","Mirzapur","2009-03-31",2009,3,0.0,"IMD GRID MODEL"
"Uttar Pradesh","Mirzapur","2009-05-02",2009,5,0.0,"IMD GRID MODEL"
"Uttar Pradesh","Mirzapur","2009-05-03",2009,5,0.0,"IMD GRID MODEL"
"Uttar Pradesh","Mirzapur","2009-05-01",2009,5,0.0,"IMD GRID MODEL"
"Uttar Pradesh","Mirzapur","2009-05-04",2009,5,0.0,"IMD GRID MODEL"
"Uttar Pradesh","Mirzapur","2009-05-05",2009,5,0.0,"IMD GRID MODEL"
"Uttar Pradesh","Mirzapur","2009-05-06",2009,5,0.0,"IMD GRID MODEL"
"Uttar Pradesh","Mirzapur","2009-05-07",2009,5,0.016150865,"IMD GRID MODEL"
"Uttar Pradesh","Mirzapur","2009-05-08",2009,5,0.096321748,"IMD GRID MODEL"
"Uttar Pradesh","Mirzapur","2009-05-09",2009,5,0.0,"IMD GRID MODEL"
"Uttar Pradesh","Mirzapur","2009-05-10",2009,5,0.0,"IMD GRID MODEL"
"Uttar Pradesh","Mirzapur","2009-05-11",2009,5,0.0,"IMD GRID MODEL"
"Uttar Pradesh","Mirzapur","2009-05-12",2009,5,0.0,"IMD GRID MODEL"
"Uttar Pradesh","Mirzapur","2009-05-13",2009,5,0.0,"IMD GRID MODEL"
"Uttar Pradesh","Mirzapur","2009-05-15",2009,5,0.0,"IMD GRID MODEL"
"Uttar Pradesh","Mirzapur","2009-05-14",2009,5,0.0,"IMD GRID MODEL"
"Uttar Pradesh","Mirzapur","2009-05-16",2009,5,0.0,"IMD GRID MODEL"
"Uttar Pradesh","Mirzapur","2009-05-17",2009,5,0.0,"IMD GRID MODEL"
"Uttar Pradesh","Mirzapur","2009-05-18",2009,5,0.0,"IMD GRID MODEL"
"Uttar Pradesh","Mirzapur","2009-05-19",2009,5,0.0,"IMD GRID MODEL"
"Uttar Pradesh","Mirzapur","2009-05-20",2009,5,0.0,"IMD GRID MODEL"
"Uttar Pradesh","Mirzapur","2009-05-21",2009,5,0.0,"IMD GRID MODEL"
"Uttar Pradesh","Mirzapur","2009-05-22",2009,5,0.0,"IMD GRID MODEL"
"Uttar Pradesh","Mirzapur","2009-05-23",2009,5,0.0,"IMD GRID MODEL"
"Uttar Pradesh","Mirzapur","2009-05-24",2009,5,0.0,"IMD GRID MODEL"
"Uttar Pradesh","Mirzapur","2009-05-25",2009,5,0.0,"IMD GRID MODEL"
"Uttar Pradesh","Mirzapur","2009-05-26",2009,5,0.0,"IMD GRID MODEL"
"Uttar Pradesh","Mirzapur","2009-05-27",2009,5,0.0,"IMD GRID MODEL"
"Uttar Pradesh","Mirzapur","2009-05-28",2009,5,0.0,"IMD GRID MODEL"
"Uttar Pradesh","Mirzapur","2009-05-29",2009,5,0.0,"IMD GRID MODEL"
"Uttar Pradesh","Mirzapur","2009-05-30",2009,5,0.0,"IMD GRID MODEL"
"Uttar Pradesh","Mirzapur","2009-05-31",2009,5,0.0,"IMD GRID MODEL"
"Uttar Pradesh","Mirzapur","2009-11-01",2009,11,7.469188549,"IMD GRID MODEL"
"Uttar Pradesh","Mirzapur","2009-11-02",2009,11,0.314312042,"IMD GRID MODEL"
"Uttar Pradesh","Mirzapur","2009-11-03",2009,11,0.136686363,"IMD GRID MODEL"
"Uttar Pradesh","Mirzapur","2009-11-04",2009,11,1.403891618,"IMD GRID MODEL"
"Uttar Pradesh","Mirzapur","2009-11-05",2009,11,14.86344625,"IMD GRID MODEL"
"Uttar Pradesh","Mirzapur","2009-11-06",2009,11,1.146748808,"IMD GRID MODEL"
"Uttar Pradesh","Mirzapur","2009-11-07",2009,11,0.0,"IMD GRID MODEL"
"Uttar Pradesh","Mirzapur","2009-11-08",2009,11,0.0,"IMD GRID MODEL"
"Uttar Pradesh","Mirzapur","2009-11-09",2009,11,0.0,"IMD GRID MODEL"
"Uttar Pradesh","Mirzapur","2009-11-10",2009,11,0.0,"IMD GRID MODEL"
"Uttar Pradesh","Mirzapur","2009-11-11",2009,11,0.0,"IMD GRID MODEL"
"Uttar Pradesh","Mirzapur","2009-11-12",2009,11,0.0,"IMD GRID MODEL"
"Uttar Pradesh","Mirzapur","2009-11-13",2009,11,0.0,"IMD GRID MODEL"
"Uttar Pradesh","Mirzapur","2009-11-14",2009,11,0.0,"IMD GRID MODEL"
"Uttar Pradesh","Mirzapur","2009-11-15",2009,11,0.0,"IMD GRID MODEL"
"Uttar Pradesh","Mirzapur","2009-11-16",2009,11,0.0,"IMD GRID MODEL"
"Uttar Pradesh","Mirzapur","2009-11-17",2009,11,0.0,"IMD GRID MODEL"
"Uttar Pradesh","Mirzapur","2009-11-18",2009,11,0.0,"IMD GRID MODEL"
"Uttar Pradesh","Mirzapur","2009-11-19",2009,11,0.0,"IMD GRID MODEL"
"Uttar Pradesh","Mirzapur","2009-11-20",2009,11,0.0,"IMD GRID MODEL"
"Uttar Pradesh","Mirzapur","2009-11-21",2009,11,0.0,"IMD GRID MODEL"
"Uttar Pradesh","Mirzapur","2009-11-22",2009,11,0.0,"IMD GRID MODEL"
"Uttar Pradesh","Mirzapur","2009-11-23",2009,11,0.0,"IMD GRID MODEL"
"Uttar Pradesh","Mirzapur","2009-11-24",2009,11,0.0,"IMD GRID MODEL"
"Uttar Pradesh","Mirzapur","2009-11-25",2009,11,0.0,"IMD GRID MODEL"
"Uttar Pradesh","Mirzapur","2009-11-26",2009,11,0.0,"IMD GRID MODEL"
"Uttar Pradesh","Mirzapur","2009-11-27",2009,11,0.0,"IMD GRID MODEL"
"Uttar Pradesh","Mirzapur","2009-11-28",2009,11,0.0,"IMD GRID MODEL"
"Uttar Pradesh","Mirzapur","2009-11-29",2009,11,0.0,"IMD GRID MODEL"
"Uttar Pradesh","Mirzapur","2009-11-30",2009,11,0.0,"IMD GRID MODEL"
"Uttar Pradesh","Mirzapur","2009-10-01",2009,10,0.045530876,"IMD GRID MODEL"
"Uttar Pradesh","Mirzapur","2009-10-02",2009,10,1.667664148,"IMD GRID MODEL"
"Uttar Pradesh","Mirzapur","2009-10-03",2009,10,0.102932248,"IMD GRID MODEL"
"Uttar Pradesh","Mirzapur","2009-10-04",2009,10,5.831869566,"IMD GRID MODEL"
"Uttar Pradesh","Mirzapur","2009-10-05",2009,10,7.246256444,"IMD GRID MODEL"
"Uttar Pradesh","Mirzapur","2009-10-06",2009,10,15.49051242,"IMD GRID MODEL"
"Uttar Pradesh","Mirzapur","2009-10-07",2009,10,39.69742197,"IMD GRID MODEL"
"Uttar Pradesh","Mirzapur","2009-10-08",2009,10,7.105324556,"IMD GRID MODEL"
"Uttar Pradesh","Mirzapur","2009-10-09",2009,10,0.069328563,"IMD GRID MODEL"
"Uttar Pradesh","Mirzapur","2009-10-10",2009,10,0.720479357,"IMD GRID MODEL"
"Uttar Pradesh","Mirzapur","2009-10-11",2009,10,0.345445913,"IMD GRID MODEL"
"Uttar Pradesh","Mirzapur","2009-10-12",2009,10,0.0,"IMD GRID MODEL"
"Uttar Pradesh","Mirzapur","2009-10-13",2009,10,2.205440118,"IMD GRID MODEL"
"Uttar Pradesh","Mirzapur","2009-10-14",2009,10,0.022710967,"IMD GRID MODEL"
"Uttar Pradesh","Mirzapur","2009-10-15",2009,10,0.669415626,"IMD GRID MODEL"
"Uttar Pradesh","Mirzapur","2009-10-16",2009,10,0.0,"IMD GRID MODEL"
"Uttar Pradesh","Mirzapur","2009-10-17",2009,10,0.0,"IMD GRID MODEL"
"Uttar Pradesh","Mirzapur","2009-10-18",2009,10,0.0,"IMD GRID MODEL"
"Uttar Pradesh","Mirzapur","2009-10-19",2009,10,0.0,"IMD GRID MODEL"
"Uttar Pradesh","Mirzapur","2009-10-20",2009,10,0.297672999,"IMD GRID MODEL"
"Uttar Pradesh","Mirzapur","2009-10-21",2009,10,0.587462665,"IMD GRID MODEL"
"Uttar Pradesh","Mirzapur","2009-10-22",2009,10,4.306616597,"IMD GRID MODEL"
"Uttar Pradesh","Mirzapur","2009-10-23",2009,10,3.208105318,"IMD GRID MODEL"
"Uttar Pradesh","Mirzapur","2009-10-24",2009,10,1.288218935,"IMD GRID MODEL"
"Uttar Pradesh","Mirzapur","2009-10-25",2009,10,3.99021868,"IMD GRID MODEL"
"Uttar Pradesh","Mirzapur","2009-10-26",2009,10,0.0,"IMD GRID MODEL"
"Uttar Pradesh","Mirzapur","2009-10-27",2009,10,0.0,"IMD GRID MODEL"
"Uttar Pradesh","Mirzapur","2009-10-28",2009,10,0.089489244,"IMD GRID MODEL"
"Uttar Pradesh","Mirzapur","2009-10-29",2009,10,0.0,"IMD GRID MODEL"
"Uttar Pradesh","Mirzapur","2009-10-30",2009,10,0.0,"IMD GRID MODEL"
"Uttar Pradesh","Mirzapur","2009-10-31",2009,10,0.505170883,"IMD GRID MODEL"
"Uttar Pradesh","Mirzapur","2009-09-02",2009,9,0.0,"IMD GRID MODEL"
"Uttar Pradesh","Mirzapur","2009-09-03",2009,9,0.0,"IMD GRID MODEL"
"Uttar Pradesh","Mirzapur","2009-09-04",2009,9,0.001211265,"IMD GRID MODEL"
"Uttar Pradesh","Mirzapur","2009-09-05",2009,9,0.0,"IMD GRID MODEL"
"Uttar Pradesh","Mirzapur","2009-09-06",2009,9,0.141945601,"IMD GRID MODEL"
"Uttar Pradesh","Mirzapur","2009-09-07",2009,9,0.911772144,"IMD GRID MODEL"
"Uttar Pradesh","Mirzapur","2009-09-08",2009,9,2.405681813,"IMD GRID MODEL"
"Uttar Pradesh","Mirzapur","2009-09-09",2009,9,0.013095428,"IMD GRID MODEL"
"Uttar Pradesh","Mirzapur","2009-09-10",2009,9,2.817124138,"IMD GRID MODEL"
"Uttar Pradesh","Mirzapur","2009-09-11",2009,9,2.261258007,"IMD GRID MODEL"
"Uttar Pradesh","Mirzapur","2009-09-01",2009,9,0.000947947,"IMD GRID MODEL"
"Uttar Pradesh","Mirzapur","2009-09-12",2009,9,9.521746063,"IMD GRID MODEL"
"Uttar Pradesh","Mirzapur","2009-09-13",2009,9,20.76148864,"IMD GRID MODEL"
"Uttar Pradesh","Mirzapur","2009-09-14",2009,9,10.56551783,"IMD GRID MODEL"
"Uttar Pradesh","Mirzapur","2009-09-15",2009,9,5.75610397,"IMD GRID MODEL"
"Uttar Pradesh","Mirzapur","2009-09-16",2009,9,5.393152383,"IMD GRID MODEL"
"Uttar Pradesh","Mirzapur","2009-09-17",2009,9,3.05011385,"IMD GRID MODEL"
"Uttar Pradesh","Mirzapur","2009-09-18",2009,9,2.731994213,"IMD GRID MODEL"
"Uttar Pradesh","Mirzapur","2009-09-19",2009,9,2.040053774,"IMD GRID MODEL"
"Uttar Pradesh","Mirzapur","2009-09-20",2009,9,1.848344822,"IMD GRID MODEL"
"Uttar Pradesh","Mirzapur","2009-09-21",2009,9,0.0,"IMD GRID MODEL"
"Uttar Pradesh","Mirzapur","2009-09-22",2009,9,1.050968847,"IMD GRID MODEL"
"Uttar Pradesh","Mirzapur","2009-09-23",2009,9,0.063360053,"IMD GRID MODEL"
"Uttar Pradesh","Mirzapur","2009-09-24",2009,9,1.777246173,"IMD GRID MODEL"
"Uttar Pradesh","Mirzapur","2009-09-25",2009,9,3.499188417,"IMD GRID MODEL"
"Uttar Pradesh","Mirzapur","2009-09-26",2009,9,6.773310586,"IMD GRID MODEL"
"Uttar Pradesh","Mirzapur","2009-09-27",2009,9,2.921541865,"IMD GRID MODEL"
"Uttar Pradesh","Mirzapur","2009-09-28",2009,9,1.566907579,"IMD GRID MODEL"
"Uttar Pradesh","Mirzapur","2009-09-29",2009,9,0.0,"IMD GRID MODEL"
"Uttar Pradesh","Mirzapur","2009-09-30",2009,9,16.5938475,"IMD GRID MODEL"
"Uttar Pradesh","Mirzapur","2010-04-01",2010,4,0.0,"IMD GRID MODEL"
"Uttar Pradesh","Mirzapur","2010-04-02",2010,4,0.0,"IMD GRID MODEL"
"Uttar Pradesh","Mirzapur","2010-04-03",2010,4,0.0,"IMD GRID MODEL"
"Uttar Pradesh","Mirzapur","2010-04-04",2010,4,0.0,"IMD GRID MODEL"
"Uttar Pradesh","Mirzapur","2010-04-05",2010,4,0.0,"IMD GRID MODEL"
"Uttar Pradesh","Mirzapur","2010-04-06",2010,4,0.0,"IMD GRID MODEL"
"Uttar Pradesh","Mirzapur","2010-04-07",2010,4,0.0,"IMD GRID MODEL"
"Uttar Pradesh","Mirzapur","2010-04-08",2010,4,0.0,"IMD GRID MODEL"
"Uttar Pradesh","Mirzapur","2010-04-09",2010,4,0.0,"IMD GRID MODEL"
"Uttar Pradesh","Mirzapur","2010-04-10",2010,4,0.0,"IMD GRID MODEL"
"Uttar Pradesh","Mirzapur","2010-04-11",2010,4,0.0,"IMD GRID MODEL"
"Uttar Pradesh","Mirzapur","2010-04-12",2010,4,0.0,"IMD GRID MODEL"
"Uttar Pradesh","Mirzapur","2010-04-13",2010,4,0.0,"IMD GRID MODEL"
"Uttar Pradesh","Mirzapur","2010-04-14",2010,4,0.0,"IMD GRID MODEL"
"Uttar Pradesh","Mirzapur","2010-04-15",2010,4,0.0,"IMD GRID MODEL"
"Uttar Pradesh","Mirzapur","2010-04-16",2010,4,5.001890644,"IMD GRID MODEL"
"Uttar Pradesh","Mirzapur","2010-04-17",2010,4,0.0,"IMD GRID MODEL"
"Uttar Pradesh","Mirzapur","2010-04-18",2010,4,4.2397277643,"IMD GRID MODEL"
"Uttar Pradesh","Mirzapur","2010-04-19",2010,4,0.0,"IMD GRID MODEL"
"Uttar Pradesh","Mirzapur","2010-04-20",2010,4,0.0,"IMD GRID MODEL"
"Uttar Pradesh","Mirzapur","2010-04-21",2010,4,0.0,"IMD GRID MODEL"
"Uttar Pradesh","Mirzapur","2010-04-22",2010,4,0.0,"IMD GRID MODEL"
"Uttar Pradesh","Mirzapur","2010-04-23",2010,4,0.0,"IMD GRID MODEL"
"Uttar Pradesh","Mirzapur","2010-04-24",2010,4,0.0,"IMD GRID MODEL"
"Uttar Pradesh","Mirzapur","2010-04-25",2010,4,0.0,"IMD GRID MODEL"
"Uttar Pradesh","Mirzapur","2010-04-26",2010,4,0.0,"IMD GRID MODEL"
"Uttar Pradesh","Mirzapur","2010-04-27",2010,4,0.0,"IMD GRID MODEL"
"Uttar Pradesh","Mirzapur","2010-04-28",2010,4,0.0,"IMD GRID MODEL"
"Uttar Pradesh","Mirzapur","2010-04-29",2010,4,0.0,"IMD GRID MODEL"
"Uttar Pradesh","Mirzapur","2010-04-30",2010,4,0.0761327066,"IMD GRID MODEL"
"Uttar Pradesh","Mirzapur","2010-08-01",2010,8,2.853645395,"IMD GRID MODEL"
"Uttar Pradesh","Mirzapur","2010-08-02",2010,8,1.8654347473,"IMD GRID MODEL"
"Uttar Pradesh","Mirzapur","2010-08-03",2010,8,0.0,"IMD GRID MODEL"
"Uttar Pradesh","Mirzapur","2010-08-04",2010,8,0.0,"IMD GRID MODEL"
"Uttar Pradesh","Mirzapur","2010-08-05",2010,8,0.0,"IMD GRID MODEL"
"Uttar Pradesh","Mirzapur","2010-08-06",2010,8,0.0,"IMD GRID MODEL"
"Uttar Pradesh","Mirzapur","2010-08-07",2010,8,0.0,"IMD GRID MODEL"
"Uttar Pradesh","Mirzapur","2010-08-08",2010,8,0.0939240776,"IMD GRID MODEL"
"Uttar Pradesh","Mirzapur","2010-08-09",2010,8,0.0,"IMD GRID MODEL"
"Uttar Pradesh","Mirzapur","2010-08-10",2010,8,0.0130117625,"IMD GRID MODEL"
"Uttar Pradesh","Mirzapur","2010-08-11",2010,8,0.0,"IMD GRID MODEL"
"Uttar Pradesh","Mirzapur","2010-08-12",2010,8,0.0,"IMD GRID MODEL"
"Uttar Pradesh","Mirzapur","2010-08-13",2010,8,0.0,"IMD GRID MODEL"
"Uttar Pradesh","Mirzapur","2010-08-14",2010,8,0.0,"IMD GRID MODEL"
"Uttar Pradesh","Mirzapur","2010-08-15",2010,8,0.0,"IMD GRID MODEL"
"Uttar Pradesh","Mirzapur","2010-08-16",2010,8,0.0,"IMD GRID MODEL"
"Uttar Pradesh","Mirzapur","2010-08-17",2010,8,0.0,"IMD GRID MODEL"
"Uttar Pradesh","Mirzapur","2010-08-18",2010,8,0.0,"IMD GRID MODEL"
"Uttar Pradesh","Mirzapur","2010-08-19",2010,8,0.0,"IMD GRID MODEL"
"Uttar Pradesh","Mirzapur","2010-08-20",2010,8,0.089557318,"IMD GRID MODEL"
"Uttar Pradesh","Mirzapur","2010-08-21",2010,8,0.0380448854,"IMD GRID MODEL"
"Uttar Pradesh","Mirzapur","2010-08-22",2010,8,0.0,"IMD GRID MODEL"
"Uttar Pradesh","Mirzapur","2010-08-23",2010,8,0.0,"IMD GRID MODEL"
"Uttar Pradesh","Mirzapur","2010-08-24",2010,8,0.0,"IMD GRID MODEL"
"Uttar Pradesh","Mirzapur","2010-08-25",2010,8,0.3210681406,"IMD GRID MODEL"
"Uttar Pradesh","Mirzapur","2010-08-26",2010,8,1.190003771,"IMD GRID MODEL"
"Uttar Pradesh","Mirzapur","2010-08-27",2010,8,0.0,"IMD GRID MODEL"
"Uttar Pradesh","Mirzapur","2010-08-28",2010,8,0.0,"IMD GRID MODEL"
"Uttar Pradesh","Mirzapur","2010-08-29",2010,8,0.6004431321,"IMD GRID MODEL"
"Uttar Pradesh","Mirzapur","2010-08-30",2010,8,0.3475336717,"IMD GRID MODEL"
"Uttar Pradesh","Mirzapur","2010-08-31",2010,8,5.1147099244,"IMD GRID MODEL"
"Uttar Pradesh","Mirzapur","2010-12-01",2010,12,0.0,"IMD GRID MODEL"
"Uttar Pradesh","Mirzapur","2010-12-02",2010,12,0.0,"IMD GRID MODEL"
"Uttar Pradesh","Mirzapur","2010-12-03",2010,12,0.0,"IMD GRID MODEL"
"Uttar Pradesh","Mirzapur","2010-12-04",2010,12,0.0,"IMD GRID MODEL"
"Uttar Pradesh","Mirzapur","2010-12-05",2010,12,0.0,"IMD GRID MODEL"
"Uttar Pradesh","Mirzapur","2010-12-06",2010,12,0.0,"IMD GRID MODEL"
"Uttar Pradesh","Mirzapur","2010-12-07",2010,12,0.0,"IMD GRID MODEL"
"Uttar Pradesh","Mirzapur","2010-12-08",2010,12,0.0,"IMD GRID MODEL"
"Uttar Pradesh","Mirzapur","2010-12-09",2010,12,0.1450899354,"IMD GRID MODEL"
"Uttar Pradesh","Mirzapur","2010-12-10",2010,12,0.0,"IMD GRID MODEL"
"Uttar Pradesh","Mirzapur","2010-12-11",2010,12,0.0480985327,"IMD GRID MODEL"
"Uttar Pradesh","Mirzapur","2010-12-12",2010,12,0.1949188681,"IMD GRID MODEL"
"Uttar Pradesh","Mirzapur","2010-12-13",2010,12,0.0,"IMD GRID MODEL"
"Uttar Pradesh","Mirzapur","2010-12-14",2010,12,0.0,"IMD GRID MODEL"
"Uttar Pradesh","Mirzapur","2010-12-15",2010,12,0.0,"IMD GRID MODEL"
"Uttar Pradesh","Mirzapur","2010-12-16",2010,12,0.0,"IMD GRID MODEL"
"Uttar Pradesh","Mirzapur","2010-12-17",2010,12,0.0,"IMD GRID MODEL"
"Uttar Pradesh","Mirzapur","2010-12-18",2010,12,0.0,"IMD GRID MODEL"
"Uttar Pradesh","Mirzapur","2010-12-19",2010,12,0.2227200227,"IMD GRID MODEL"
"Uttar Pradesh","Mirzapur","2010-12-20",2010,12,0.0581476486,"IMD GRID MODEL"
"Uttar Pradesh","Mirzapur","2010-12-21",2010,12,9.4289076668,"IMD GRID MODEL"
"Uttar Pradesh","Mirzapur","2010-12-22",2010,12,0.0159306194,"IMD GRID MODEL"
"Uttar Pradesh","Mirzapur","2010-12-23",2010,12,0.0,"IMD GRID MODEL"
"Uttar Pradesh","Mirzapur","2010-12-24",2010,12,0.0,"IMD GRID MODEL"
"Uttar Pradesh","Mirzapur","2010-12-25",2010,12,6.9616163598,"IMD GRID MODEL"
"Uttar Pradesh","Mirzapur","2010-12-26",2010,12,0.7971681768,"IMD GRID MODEL"
"Uttar Pradesh","Mirzapur","2010-12-27",2010,12,0.0,"IMD GRID MODEL"
"Uttar Pradesh","Mirzapur","2010-12-28",2010,12,0.0,"IMD GRID MODEL"
"Uttar Pradesh","Mirzapur","2010-12-29",2010,12,0.0,"IMD GRID MODEL"
"Uttar Pradesh","Mirzapur","2010-12-30",2010,12,0.0,"IMD GRID MODEL"
"Uttar Pradesh","Mirzapur","2010-12-31",2010,12,0.0,"IMD GRID MODEL"
"Uttar Pradesh","Mirzapur","2010-02-01",2010,2,0.0,"IMD GRID MODEL"
"Uttar Pradesh","Mirzapur","2010-02-01",2010,2,0.0,"IMD GRID MODEL"
"Uttar Pradesh","Mirzapur","2010-02-01",2010,2,0.0,"IMD GRID MODEL"
"Uttar Pradesh","Mirzapur","2010-02-01",2010,2,0.0,"IMD GRID MODEL"
"Uttar Pradesh","Mirzapur","2010-02-01",2010,2,0.0,"IMD GRID MODEL"
"Uttar Pradesh","Mirzapur","2010-02-01",2010,2,0.0,"IMD GRID MODEL"
"Uttar Pradesh","Mirzapur","2010-02-01",2010,2,0.0,"IMD GRID MODEL"
"Uttar Pradesh","Mirzapur","2010-02-01",2010,2,0.0,"IMD GRID MODEL"
"Uttar Pradesh","Mirzapur","2010-02-01",2010,2,0.0,"IMD GRID MODEL"
"Uttar Pradesh","Mirzapur","2010-02-01",2010,2,0.0,"IMD GRID MODEL"
"Uttar Pradesh","Mirzapur","2010-02-01",2010,2,0.0,"IMD GRID MODEL"
"Uttar Pradesh","Mirzapur","2010-02-01",2010,2,0.0,"IMD GRID MODEL"
"Uttar Pradesh","Mirzapur","2010-02-01",2010,2,0.0,"IMD GRID MODEL"
"Uttar Pradesh","Mirzapur","2010-02-01",2010,2,0.0,"IMD GRID MODEL"
"Uttar Pradesh","Mirzapur","2010-02-01",2010,2,0.0,"IMD GRID MODEL"
"Uttar Pradesh","Mirzapur","2010-02-01",2010,2,0.0,"IMD GRID MODEL"
"Uttar Pradesh","Mirzapur","2010-02-01",2010,2,0.0,"IMD GRID MODEL"
"Uttar Pradesh","Mirzapur","2010-02-01",2010,2,0.0,"IMD GRID MODEL"
"Uttar Pradesh","Mirzapur","2010-02-02",2010,2,0.0,"IMD GRID MODEL"
"Uttar Pradesh","Mirzapur","2010-02-02",2010,2,0.0,"IMD GRID MODEL"
"Uttar Pradesh","Mirzapur","2010-02-02",2010,2,0.0,"IMD GRID MODEL"
"Uttar Pradesh","Mirzapur","2010-02-02",2010,2,0.0,"IMD GRID MODEL"
"Uttar Pradesh","Mirzapur","2010-02-02",2010,2,0.0,"IMD GRID MODEL"
"Uttar Pradesh","Mirzapur","2010-02-02",2010,2,0.0,"IMD GRID MODEL"
"Uttar Pradesh","Mirzapur","2010-02-02",2010,2,0.0,"IMD GRID MODEL"
"Uttar Pradesh","Mirzapur","2010-02-02",2010,2,0.0,"IMD GRID MODEL"
"Uttar Pradesh","Mirzapur","2010-02-02",2010,2,0.0,"IMD GRID MODEL"
"Uttar Pradesh","Mirzapur","2010-02-02",2010,2,0.0,"IMD GRID MODEL"
"Uttar Pradesh","Mirzapur","2010-02-02",2010,2,0.0,"IMD GRID MODEL"
"Uttar Pradesh","Mirzapur","2010-02-02",2010,2,0.0,"IMD GRID MODEL"
"Uttar Pradesh","Mirzapur","2010-02-02",2010,2,0.0,"IMD GRID MODEL"
"Uttar Pradesh","Mirzapur","2010-02-02",2010,2,0.0,"IMD GRID MODEL"
"Uttar Pradesh","Mirzapur","2010-02-02",2010,2,0.0,"IMD GRID MODEL"
"Uttar Pradesh","Mirzapur","2010-02-02",2010,2,0.0,"IMD GRID MODEL"
"Uttar Pradesh","Mirzapur","2010-02-02",2010,2,0.0,"IMD GRID MODEL"
"Uttar Pradesh","Mirzapur","2010-02-02",2010,2,0.0,"IMD GRID MODEL"
"Uttar Pradesh","Mirzapur","2010-02-03",2010,2,0.0,"IMD GRID MODEL"
"Uttar Pradesh","Mirzapur","2010-02-03",2010,2,0.0,"IMD GRID MODEL"
"Uttar Pradesh","Mirzapur","2010-02-03",2010,2,0.0,"IMD GRID MODEL"
"Uttar Pradesh","Mirzapur","2010-02-03",2010,2,0.0,"IMD GRID MODEL"
"Uttar Pradesh","Mirzapur","2010-02-03",2010,2,0.0,"IMD GRID MODEL"
"Uttar Pradesh","Mirzapur","2010-02-03",2010,2,0.0,"IMD GRID MODEL"
"Uttar Pradesh","Mirzapur","2010-02-03",2010,2,0.0,"IMD GRID MODEL"
"Uttar Pradesh","Mirzapur","2010-02-03",2010,2,0.0,"IMD GRID MODEL"
"Uttar Pradesh","Mirzapur","2010-02-03",2010,2,0.0,"IMD GRID MODEL"
"Uttar Pradesh","Mirzapur","2010-02-03",2010,2,0.0,"IMD GRID MODEL"
"Uttar Pradesh","Mirzapur","2010-02-03",2010,2,0.0,"IMD GRID MODEL"
"Uttar Pradesh","Mirzapur","2010-02-03",2010,2,0.0,"IMD GRID MODEL"
"Uttar Pradesh","Mirzapur","2010-02-03",2010,2,0.0,"IMD GRID MODEL"
"Uttar Pradesh","Mirzapur","2010-02-03",2010,2,0.0,"IMD GRID MODEL"
"Uttar Pradesh","Mirzapur","2010-02-03",2010,2,0.0,"IMD GRID MODEL"
"Uttar Pradesh","Mirzapur","2010-02-03",2010,2,0.0,"IMD GRID MODEL"
"Uttar Pradesh","Mirzapur","2010-02-03",2010,2,0.0,"IMD GRID MODEL"
"Uttar Pradesh","Mirzapur","2010-02-03",2010,2,0.0,"IMD GRID MODEL"
"Uttar Pradesh","Mirzapur","2010-02-04",2010,2,0.0,"IMD GRID MODEL"
"Uttar Pradesh","Mirzapur","2010-02-04",2010,2,0.0,"IMD GRID MODEL"
"Uttar Pradesh","Mirzapur","2010-02-04",2010,2,0.0,"IMD GRID MODEL"
"Uttar Pradesh","Mirzapur","2010-02-04",2010,2,0.0,"IMD GRID MODEL"
"Uttar Pradesh","Mirzapur","2010-02-04",2010,2,0.0,"IMD GRID MODEL"
"Uttar Pradesh","Mirzapur","2010-02-04",2010,2,0.0,"IMD GRID MODEL"
"Uttar Pradesh","Mirzapur","2010-02-04",2010,2,0.0,"IMD GRID MODEL"
"Uttar Pradesh","Mirzapur","2010-02-04",2010,2,0.0,"IMD GRID MODEL"
"Uttar Pradesh","Mirzapur","2010-02-04",2010,2,0.0,"IMD GRID MODEL"
"Uttar Pradesh","Mirzapur","2010-02-04",2010,2,0.0,"IMD GRID MODEL"
"Uttar Pradesh","Mirzapur","2010-02-04",2010,2,0.0,"IMD GRID MODEL"
"Uttar Pradesh","Mirzapur","2010-02-04",2010,2,0.0,"IMD GRID MODEL"
"Uttar Pradesh","Mirzapur","2010-02-04",2010,2,0.0,"IMD GRID MODEL"
"Uttar Pradesh","Mirzapur","2010-02-04",2010,2,0.0,"IMD GRID MODEL"
"Uttar Pradesh","Mirzapur","2010-02-04",2010,2,0.0,"IMD GRID MODEL"
"Uttar Pradesh","Mirzapur","2010-02-04",2010,2,0.0,"IMD GRID MODEL"
"Uttar Pradesh","Mirzapur","2010-02-04",2010,2,0.0,"IMD GRID MODEL"
"Uttar Pradesh","Mirzapur","2010-02-04",2010,2,0.0,"IMD GRID MODEL"
"Uttar Pradesh","Mirzapur","2010-02-05",2010,2,0.0,"IMD GRID MODEL"
"Uttar Pradesh","Mirzapur","2010-02-05",2010,2,0.0,"IMD GRID MODEL"
"Uttar Pradesh","Mirzapur","2010-02-05",2010,2,0.0,"IMD GRID MODEL"
"Uttar Pradesh","Mirzapur","2010-02-05",2010,2,0.0,"IMD GRID MODEL"
"Uttar Pradesh","Mirzapur","2010-02-05",2010,2,0.0,"IMD GRID MODEL"
"Uttar Pradesh","Mirzapur","2010-02-05",2010,2,0.0,"IMD GRID MODEL"
"Uttar Pradesh","Mirzapur","2010-02-05",2010,2,0.0,"IMD GRID MODEL"
"Uttar Pradesh","Mirzapur","2010-02-05",2010,2,0.0,"IMD GRID MODEL"
"Uttar Pradesh","Mirzapur","2010-02-05",2010,2,0.0,"IMD GRID MODEL"
"Uttar Pradesh","Mirzapur","2010-02-05",2010,2,0.0,"IMD GRID MODEL"
"Uttar Pradesh","Mirzapur","2010-02-05",2010,2,0.0,"IMD GRID MODEL"
"Uttar Pradesh","Mirzapur","2010-02-05",2010,2,0.0,"IMD GRID MODEL"
"Uttar Pradesh","Mirzapur","2010-02-05",2010,2,0.0,"IMD GRID MODEL"
"Uttar Pradesh","Mirzapur","2010-02-05",2010,2,0.0,"IMD GRID MODEL"
"Uttar Pradesh","Mirzapur","2010-02-05",2010,2,0.0,"IMD GRID MODEL"
"Uttar Pradesh","Mirzapur","2010-02-05",2010,2,0.0,"IMD GRID MODEL"
"Uttar Pradesh","Mirzapur","2010-02-05",2010,2,0.0,"IMD GRID MODEL"
"Uttar Pradesh","Mirzapur","2010-02-05",2010,2,0.0,"IMD GRID MODEL"
"Uttar Pradesh","Mirzapur","2010-02-06",2010,2,0.0,"IMD GRID MODEL"
"Uttar Pradesh","Mirzapur","2010-02-06",2010,2,0.0,"IMD GRID MODEL"
"Uttar Pradesh","Mirzapur","2010-02-06",2010,2,0.0,"IMD GRID MODEL"
"Uttar Pradesh","Mirzapur","2010-02-06",2010,2,0.0,"IMD GRID MODEL"
"Uttar Pradesh","Mirzapur","2010-02-06",2010,2,0.0,"IMD GRID MODEL"
"Uttar Pradesh","Mirzapur","2010-02-06",2010,2,0.0,"IMD GRID MODEL"
"Uttar Pradesh","Mirzapur","2010-02-06",2010,2,0.0,"IMD GRID MODEL"
"Uttar Pradesh","Mirzapur","2010-02-06",2010,2,0.0,"IMD GRID MODEL"
"Uttar Pradesh","Mirzapur","2010-02-06",2010,2,0.0,"IMD GRID MODEL"
"Uttar Pradesh","Mirzapur","2010-02-06",2010,2,0.0,"IMD GRID MODEL"
"Uttar Pradesh","Mirzapur","2010-02-06",2010,2,0.0,"IMD GRID MODEL"
"Uttar Pradesh","Mirzapur","2010-02-06",2010,2,0.0,"IMD GRID MODEL"
"Uttar Pradesh","Mirzapur","2010-02-06",2010,2,0.0,"IMD GRID MODEL"
"Uttar Pradesh","Mirzapur","2010-02-06",2010,2,0.0,"IMD GRID MODEL"
"Uttar Pradesh","Mirzapur","2010-02-06",2010,2,0.0,"IMD GRID MODEL"
"Uttar Pradesh","Mirzapur","2010-02-06",2010,2,0.0,"IMD GRID MODEL"
"Uttar Pradesh","Mirzapur","2010-02-06",2010,2,0.0,"IMD GRID MODEL"
"Uttar Pradesh","Mirzapur","2010-02-06",2010,2,0.0,"IMD GRID MODEL"
"Uttar Pradesh","Mirzapur","2010-02-07",2010,2,0.0,"IMD GRID MODEL"
"Uttar Pradesh","Mirzapur","2010-02-07",2010,2,0.0,"IMD GRID MODEL"
"Uttar Pradesh","Mirzapur","2010-02-07",2010,2,0.0,"IMD GRID MODEL"
"Uttar Pradesh","Mirzapur","2010-02-07",2010,2,0.0,"IMD GRID MODEL"
"Uttar Pradesh","Mirzapur","2010-02-07",2010,2,0.0,"IMD GRID MODEL"
"Uttar Pradesh","Mirzapur","2010-02-07",2010,2,0.0,"IMD GRID MODEL"
"Uttar Pradesh","Mirzapur","2010-02-07",2010,2,0.0,"IMD GRID MODEL"
"Uttar Pradesh","Mirzapur","2010-02-07",2010,2,0.0,"IMD GRID MODEL"
"Uttar Pradesh","Mirzapur","2010-02-07",2010,2,0.0,"IMD GRID MODEL"
"Uttar Pradesh","Mirzapur","2010-02-07",2010,2,0.0,"IMD GRID MODEL"
"Uttar Pradesh","Mirzapur","2010-02-07",2010,2,0.0,"IMD GRID MODEL"
"Uttar Pradesh","Mirzapur","2010-02-07",2010,2,0.0,"IMD GRID MODEL"
"Uttar Pradesh","Mirzapur","2010-02-07",2010,2,0.0,"IMD GRID MODEL"
"Uttar Pradesh","Mirzapur","2010-02-07",2010,2,0.0,"IMD GRID MODEL"
"Uttar Pradesh","Mirzapur","2010-02-07",2010,2,0.0,"IMD GRID MODEL"
"Uttar Pradesh","Mirzapur","2010-02-07",2010,2,0.0,"IMD GRID MODEL"
"Uttar Pradesh","Mirzapur","2010-02-07",2010,2,0.0,"IMD GRID MODEL"
"Uttar Pradesh","Mirzapur","2010-02-07",2010,2,0.0,"IMD GRID MODEL"
"Uttar Pradesh","Mirzapur","2010-02-08",2010,2,0.0,"IMD GRID MODEL"
"Uttar Pradesh","Mirzapur","2010-02-08",2010,2,0.0,"IMD GRID MODEL"
"Uttar Pradesh","Mirzapur","2010-02-08",2010,2,0.0,"IMD GRID MODEL"
"Uttar Pradesh","Mirzapur","2010-02-08",2010,2,0.0,"IMD GRID MODEL"
"Uttar Pradesh","Mirzapur","2010-02-08",2010,2,0.0,"IMD GRID MODEL"
"Uttar Pradesh","Mirzapur","2010-02-08",2010,2,0.0,"IMD GRID MODEL"
"Uttar Pradesh","Mirzapur","2010-02-08",2010,2,0.0,"IMD GRID MODEL"
"Uttar Pradesh","Mirzapur","2010-02-08",2010,2,0.0,"IMD GRID MODEL"
"Uttar Pradesh","Mirzapur","2010-02-08",2010,2,0.0,"IMD GRID MODEL"
"Uttar Pradesh","Mirzapur","2010-02-08",2010,2,0.0,"IMD GRID MODEL"
"Uttar Pradesh","Mirzapur","2010-02-08",2010,2,0.0,"IMD GRID MODEL"
"Uttar Pradesh","Mirzapur","2010-02-08",2010,2,0.0,"IMD GRID MODEL"
"Uttar Pradesh","Mirzapur","2010-02-08",2010,2,0.0,"IMD GRID MODEL"
"Uttar Pradesh","Mirzapur","2010-02-08",2010,2,0.0,"IMD GRID MODEL"
"Uttar Pradesh","Mirzapur","2010-02-08",2010,2,0.0,"IMD GRID MODEL"
"Uttar Pradesh","Mirzapur","2010-02-08",2010,2,0.0,"IMD GRID MODEL"
"Uttar Pradesh","Mirzapur","2010-02-08",2010,2,0.0,"IMD GRID MODEL"
"Uttar Pradesh","Mirzapur","2010-02-08",2010,2,0.0,"IMD GRID MODEL"
"Uttar Pradesh","Mirzapur","2010-02-09",2010,2,0.0,"IMD GRID MODEL"
"Uttar Pradesh","Mirzapur","2010-02-09",2010,2,0.0,"IMD GRID MODEL"
"Uttar Pradesh","Mirzapur","2010-02-09",2010,2,0.0,"IMD GRID MODEL"
"Uttar Pradesh","Mirzapur","2010-02-09",2010,2,0.0,"IMD GRID MODEL"
"Uttar Pradesh","Mirzapur","2010-02-09",2010,2,0.0,"IMD GRID MODEL"
"Uttar Pradesh","Mirzapur","2010-02-09",2010,2,0.0,"IMD GRID MODEL"
"Uttar Pradesh","Mirzapur","2010-02-09",2010,2,0.0,"IMD GRID MODEL"
"Uttar Pradesh","Mirzapur","2010-02-09",2010,2,0.0,"IMD GRID MODEL"
"Uttar Pradesh","Mirzapur","2010-02-09",2010,2,0.0,"IMD GRID MODEL"
"Uttar Pradesh","Mirzapur","2010-02-09",2010,2,0.0,"IMD GRID MODEL"
"Uttar Pradesh","Mirzapur","2010-02-09",2010,2,0.0,"IMD GRID MODEL"
"Uttar Pradesh","Mirzapur","2010-02-09",2010,2,0.0,"IMD GRID MODEL"
"Uttar Pradesh","Mirzapur","2010-02-09",2010,2,0.0,"IMD GRID MODEL"
"Uttar Pradesh","Mirzapur","2010-02-09",2010,2,0.0,"IMD GRID MODEL"
"Uttar Pradesh","Mirzapur","2010-02-09",2010,2,0.0,"IMD GRID MODEL"
"Uttar Pradesh","Mirzapur","2010-02-09",2010,2,0.0,"IMD GRID MODEL"
"Uttar Pradesh","Mirzapur","2010-02-09",2010,2,0.0,"IMD GRID MODEL"
"Uttar Pradesh","Mirzapur","2010-02-09",2010,2,0.0,"IMD GRID MODEL"
"Uttar Pradesh","Mirzapur","2010-02-10",2010,2,0.0,"IMD GRID MODEL"
"Uttar Pradesh","Mirzapur","2010-02-10",2010,2,0.0,"IMD GRID MODEL"
"Uttar Pradesh","Mirzapur","2010-02-10",2010,2,0.0,"IMD GRID MODEL"
"Uttar Pradesh","Mirzapur","2010-02-10",2010,2,0.0,"IMD GRID MODEL"
"Uttar Pradesh","Mirzapur","2010-02-10",2010,2,0.0,"IMD GRID MODEL"
"Uttar Pradesh","Mirzapur","2010-02-10",2010,2,0.0,"IMD GRID MODEL"
"Uttar Pradesh","Mirzapur","2010-02-10",2010,2,0.0,"IMD GRID MODEL"
"Uttar Pradesh","Mirzapur","2010-02-10",2010,2,0.0,"IMD GRID MODEL"
"Uttar Pradesh","Mirzapur","2010-02-10",2010,2,0.0,"IMD GRID MODEL"
"Uttar Pradesh","Mirzapur","2010-02-10",2010,2,0.0,"IMD GRID MODEL"
"Uttar Pradesh","Mirzapur","2010-02-10",2010,2,0.0,"IMD GRID MODEL"
"Uttar Pradesh","Mirzapur","2010-02-10",2010,2,0.0,"IMD GRID MODEL"
"Uttar Pradesh","Mirzapur","2010-02-10",2010,2,0.0,"IMD GRID MODEL"
"Uttar Pradesh","Mirzapur","2010-02-10",2010,2,0.0,"IMD GRID MODEL"
"Uttar Pradesh","Mirzapur","2010-02-10",2010,2,0.0,"IMD GRID MODEL"
"Uttar Pradesh","Mirzapur","2010-02-10",2010,2,0.0,"IMD GRID MODEL"
"Uttar Pradesh","Mirzapur","2010-02-10",2010,2,0.0,"IMD GRID MODEL"
"Uttar Pradesh","Mirzapur","2010-02-10",2010,2,0.0,"IMD GRID MODEL"
"Uttar Pradesh","Mirzapur","2010-02-11",2010,2,0.0,"IMD GRID MODEL"
"Uttar Pradesh","Mirzapur","2010-02-11",2010,2,0.0,"IMD GRID MODEL"
"Uttar Pradesh","Mirzapur","2010-02-11",2010,2,0.0,"IMD GRID MODEL"
"Uttar Pradesh","Mirzapur","2010-02-11",2010,2,0.0,"IMD GRID MODEL"
"Uttar Pradesh","Mirzapur","2010-02-11",2010,2,0.0,"IMD GRID MODEL"
"Uttar Pradesh","Mirzapur","2010-02-11",2010,2,0.0,"IMD GRID MODEL"
"Uttar Pradesh","Mirzapur","2010-02-11",2010,2,0.0,"IMD GRID MODEL"
"Uttar Pradesh","Mirzapur","2010-02-11",2010,2,0.0,"IMD GRID MODEL"
"Uttar Pradesh","Mirzapur","2010-02-11",2010,2,0.0,"IMD GRID MODEL"
"Uttar Pradesh","Mirzapur","2010-02-11",2010,2,0.0,"IMD GRID MODEL"
"Uttar Pradesh","Mirzapur","2010-02-11",2010,2,0.0,"IMD GRID MODEL"
"Uttar Pradesh","Mirzapur","2010-02-11",2010,2,0.0,"IMD GRID MODEL"
"Uttar Pradesh","Mirzapur","2010-02-11",2010,2,0.0,"IMD GRID MODEL"
"Uttar Pradesh","Mirzapur","2010-02-11",2010,2,0.0,"IMD GRID MODEL"
"Uttar Pradesh","Mirzapur","2010-02-11",2010,2,0.0,"IMD GRID MODEL"
"Uttar Pradesh","Mirzapur","2010-02-11",2010,2,0.0,"IMD GRID MODEL"
"Uttar Pradesh","Mirzapur","2010-02-11",2010,2,0.0,"IMD GRID MODEL"
"Uttar Pradesh","Mirzapur","2010-02-11",2010,2,0.0,"IMD GRID MODEL"
"Uttar Pradesh","Mirzapur","2010-02-12",2010,2,0.0,"IMD GRID MODEL"
"Uttar Pradesh","Mirzapur","2010-02-12",2010,2,0.0,"IMD GRID MODEL"
"Uttar Pradesh","Mirzapur","2010-02-12",2010,2,0.0,"IMD GRID MODEL"
"Uttar Pradesh","Mirzapur","2010-02-12",2010,2,0.0,"IMD GRID MODEL"
"Uttar Pradesh","Mirzapur","2010-02-12",2010,2,0.0,"IMD GRID MODEL"
"Uttar Pradesh","Mirzapur","2010-02-12",2010,2,0.0,"IMD GRID MODEL"
"Uttar Pradesh","Mirzapur","2010-02-12",2010,2,0.0,"IMD GRID MODEL"
"Uttar Pradesh","Mirzapur","2010-02-12",2010,2,0.0,"IMD GRID MODEL"
"Uttar Pradesh","Mirzapur","2010-02-12",2010,2,0.0,"IMD GRID MODEL"
"Uttar Pradesh","Mirzapur","2010-02-12",2010,2,0.0,"IMD GRID MODEL"
"Uttar Pradesh","Mirzapur","2010-02-12",2010,2,0.0,"IMD GRID MODEL"
"Uttar Pradesh","Mirzapur","2010-02-12",2010,2,0.0,"IMD GRID MODEL"
"Uttar Pradesh","Mirzapur","2010-02-12",2010,2,0.0,"IMD GRID MODEL"
"Uttar Pradesh","Mirzapur","2010-02-12",2010,2,0.0,"IMD GRID MODEL"
"Uttar Pradesh","Mirzapur","2010-02-12",2010,2,0.0,"IMD GRID MODEL"
"Uttar Pradesh","Mirzapur","2010-02-12",2010,2,0.0,"IMD GRID MODEL"
"Uttar Pradesh","Mirzapur","2010-02-12",2010,2,0.0,"IMD GRID MODEL"
"Uttar Pradesh","Mirzapur","2010-02-12",2010,2,0.0,"IMD GRID MODEL"
"Uttar Pradesh","Mirzapur","2010-02-13",2010,2,0.0,"IMD GRID MODEL"
"Uttar Pradesh","Mirzapur","2010-02-13",2010,2,0.0,"IMD GRID MODEL"
"Uttar Pradesh","Mirzapur","2010-02-13",2010,2,0.0,"IMD GRID MODEL"
"Uttar Pradesh","Mirzapur","2010-02-13",2010,2,0.0,"IMD GRID MODEL"
"Uttar Pradesh","Mirzapur","2010-02-13",2010,2,0.0,"IMD GRID MODEL"
"Uttar Pradesh","Mirzapur","2010-02-13",2010,2,0.0,"IMD GRID MODEL"
"Uttar Pradesh","Mirzapur","2010-02-13",2010,2,0.0,"IMD GRID MODEL"
"Uttar Pradesh","Mirzapur","2010-02-13",2010,2,0.0,"IMD GRID MODEL"
"Uttar Pradesh","Mirzapur","2010-02-13",2010,2,0.0,"IMD GRID MODEL"
"Uttar Pradesh","Mirzapur","2010-02-13",2010,2,0.0,"IMD GRID MODEL"
"Uttar Pradesh","Mirzapur","2010-02-13",2010,2,0.0,"IMD GRID MODEL"
"Uttar Pradesh","Mirzapur","2010-02-13",2010,2,0.0,"IMD GRID MODEL"
"Uttar Pradesh","Mirzapur","2010-02-13",2010,2,0.0,"IMD GRID MODEL"
"Uttar Pradesh","Mirzapur","2010-02-13",2010,2,0.0,"IMD GRID MODEL"
"Uttar Pradesh","Mirzapur","2010-02-13",2010,2,0.0,"IMD GRID MODEL"
"Uttar Pradesh","Mirzapur","2010-02-13",2010,2,0.0,"IMD GRID MODEL"
"Uttar Pradesh","Mirzapur","2010-02-13",2010,2,0.0,"IMD GRID MODEL"
"Uttar Pradesh","Mirzapur","2010-02-13",2010,2,0.0,"IMD GRID MODEL"
"Uttar Pradesh","Mirzapur","2010-02-14",2010,2,5.001890644,"IMD GRID MODEL"
"Uttar Pradesh","Mirzapur","2010-02-14",2010,2,5.001890644,"IMD GRID MODEL"
"Uttar Pradesh","Mirzapur","2010-02-14",2010,2,5.001890644,"IMD GRID MODEL"
"Uttar Pradesh","Mirzapur","2010-02-14",2010,2,5.001890644,"IMD GRID MODEL"
"Uttar Pradesh","Mirzapur","2010-02-14",2010,2,5.001890644,"IMD GRID MODEL"
"Uttar Pradesh","Mirzapur","2010-02-14",2010,2,5.001890644,"IMD GRID MODEL"
"Uttar Pradesh","Mirzapur","2010-02-14",2010,2,5.001890644,"IMD GRID MODEL"
"Uttar Pradesh","Mirzapur","2010-02-14",2010,2,5.001890644,"IMD GRID MODEL"
"Uttar Pradesh","Mirzapur","2010-02-14",2010,2,5.001890644,"IMD GRID MODEL"
"Uttar Pradesh","Mirzapur","2010-02-14",2010,2,5.001890644,"IMD GRID MODEL"
"Uttar Pradesh","Mirzapur","2010-02-14",2010,2,5.001890644,"IMD GRID MODEL"
"Uttar Pradesh","Mirzapur","2010-02-14",2010,2,5.001890644,"IMD GRID MODEL"
"Uttar Pradesh","Mirzapur","2010-02-14",2010,2,5.001890644,"IMD GRID MODEL"
"Uttar Pradesh","Mirzapur","2010-02-14",2010,2,5.001890644,"IMD GRID MODEL"
"Uttar Pradesh","Mirzapur","2010-02-14",2010,2,5.001890644,"IMD GRID MODEL"
"Uttar Pradesh","Mirzapur","2010-02-14",2010,2,5.001890644,"IMD GRID MODEL"
"Uttar Pradesh","Mirzapur","2010-02-14",2010,2,5.001890644,"IMD GRID MODEL"
"Uttar Pradesh","Mirzapur","2010-02-14",2010,2,5.001890644,"IMD GRID MODEL"
"Uttar Pradesh","Mirzapur","2010-02-15",2010,2,0.0,"IMD GRID MODEL"
"Uttar Pradesh","Mirzapur","2010-02-15",2010,2,0.0,"IMD GRID MODEL"
"Uttar Pradesh","Mirzapur","2010-02-15",2010,2,0.0,"IMD GRID MODEL"
"Uttar Pradesh","Mirzapur","2010-02-15",2010,2,0.0,"IMD GRID MODEL"
"Uttar Pradesh","Mirzapur","2010-02-15",2010,2,0.0,"IMD GRID MODEL"
"Uttar Pradesh","Mirzapur","2010-02-15",2010,2,0.0,"IMD GRID MODEL"
"Uttar Pradesh","Mirzapur","2010-02-15",2010,2,0.0,"IMD GRID MODEL"
"Uttar Pradesh","Mirzapur","2010-02-15",2010,2,0.0,"IMD GRID MODEL"
"Uttar Pradesh","Mirzapur","2010-02-15",2010,2,0.0,"IMD GRID MODEL"
"Uttar Pradesh","Mirzapur","2010-02-15",2010,2,0.0,"IMD GRID MODEL"
"Uttar Pradesh","Mirzapur","2010-02-15",2010,2,0.0,"IMD GRID MODEL"
"Uttar Pradesh","Mirzapur","2010-02-15",2010,2,0.0,"IMD GRID MODEL"
"Uttar Pradesh","Mirzapur","2010-02-15",2010,2,0.0,"IMD GRID MODEL"
"Uttar Pradesh","Mirzapur","2010-02-15",2010,2,0.0,"IMD GRID MODEL"
"Uttar Pradesh","Mirzapur","2010-02-15",2010,2,0.0,"IMD GRID MODEL"
"Uttar Pradesh","Mirzapur","2010-02-15",2010,2,0.0,"IMD GRID MODEL"
"Uttar Pradesh","Mirzapur","2010-02-15",2010,2,0.0,"IMD GRID MODEL"
"Uttar Pradesh","Mirzapur","2010-02-15",2010,2,0.0,"IMD GRID MODEL"
"Uttar Pradesh","Mirzapur","2010-02-16",2010,2,4.239727764,"IMD GRID MODEL"
"Uttar Pradesh","Mirzapur","2010-02-16",2010,2,4.239727764,"IMD GRID MODEL"
"Uttar Pradesh","Mirzapur","2010-02-16",2010,2,4.239727764,"IMD GRID MODEL"
"Uttar Pradesh","Mirzapur","2010-02-16",2010,2,4.239727764,"IMD GRID MODEL"
"Uttar Pradesh","Mirzapur","2010-02-16",2010,2,4.239727764,"IMD GRID MODEL"
"Uttar Pradesh","Mirzapur","2010-02-16",2010,2,4.239727764,"IMD GRID MODEL"
"Uttar Pradesh","Mirzapur","2010-02-16",2010,2,4.239727764,"IMD GRID MODEL"
"Uttar Pradesh","Mirzapur","2010-02-16",2010,2,4.239727764,"IMD GRID MODEL"
"Uttar Pradesh","Mirzapur","2010-02-16",2010,2,4.239727764,"IMD GRID MODEL"
"Uttar Pradesh","Mirzapur","2010-02-16",2010,2,4.239727764,"IMD GRID MODEL"
"Uttar Pradesh","Mirzapur","2010-02-16",2010,2,4.239727764,"IMD GRID MODEL"
"Uttar Pradesh","Mirzapur","2010-02-16",2010,2,4.239727764,"IMD GRID MODEL"
"Uttar Pradesh","Mirzapur","2010-02-16",2010,2,4.239727764,"IMD GRID MODEL"
"Uttar Pradesh","Mirzapur","2010-02-16",2010,2,4.239727764,"IMD GRID MODEL"
"Uttar Pradesh","Mirzapur","2010-02-16",2010,2,4.239727764,"IMD GRID MODEL"
"Uttar Pradesh","Mirzapur","2010-02-16",2010,2,4.239727764,"IMD GRID MODEL"
"Uttar Pradesh","Mirzapur","2010-02-16",2010,2,4.239727764,"IMD GRID MODEL"
"Uttar Pradesh","Mirzapur","2010-02-16",2010,2,4.239727764,"IMD GRID MODEL"
"Uttar Pradesh","Mirzapur","2010-02-17",2010,2,0.0,"IMD GRID MODEL"
"Uttar Pradesh","Mirzapur","2010-02-17",2010,2,0.0,"IMD GRID MODEL"
"Uttar Pradesh","Mirzapur","2010-02-17",2010,2,0.0,"IMD GRID MODEL"
"Uttar Pradesh","Mirzapur","2010-02-17",2010,2,0.0,"IMD GRID MODEL"
"Uttar Pradesh","Mirzapur","2010-02-17",2010,2,0.0,"IMD GRID MODEL"
"Uttar Pradesh","Mirzapur","2010-02-17",2010,2,0.0,"IMD GRID MODEL"
"Uttar Pradesh","Mirzapur","2010-02-17",2010,2,0.0,"IMD GRID MODEL"
"Uttar Pradesh","Mirzapur","2010-02-17",2010,2,0.0,"IMD GRID MODEL"
"Uttar Pradesh","Mirzapur","2010-02-17",2010,2,0.0,"IMD GRID MODEL"
"Uttar Pradesh","Mirzapur","2010-02-17",2010,2,0.0,"IMD GRID MODEL"
"Uttar Pradesh","Mirzapur","2010-02-17",2010,2,0.0,"IMD GRID MODEL"
"Uttar Pradesh","Mirzapur","2010-02-17",2010,2,0.0,"IMD GRID MODEL"
"Uttar Pradesh","Mirzapur","2010-02-17",2010,2,0.0,"IMD GRID MODEL"
"Uttar Pradesh","Mirzapur","2010-02-17",2010,2,0.0,"IMD GRID MODEL"
"Uttar Pradesh","Mirzapur","2010-02-17",2010,2,0.0,"IMD GRID MODEL"
"Uttar Pradesh","Mirzapur","2010-02-17",2010,2,0.0,"IMD GRID MODEL"
"Uttar Pradesh","Mirzapur","2010-02-17",2010,2,0.0,"IMD GRID MODEL"
"Uttar Pradesh","Mirzapur","2010-02-17",2010,2,0.0,"IMD GRID MODEL"
"Uttar Pradesh","Mirzapur","2010-02-18",2010,2,0.0,"IMD GRID MODEL"
"Uttar Pradesh","Mirzapur","2010-02-18",2010,2,0.0,"IMD GRID MODEL"
"Uttar Pradesh","Mirzapur","2010-02-18",2010,2,0.0,"IMD GRID MODEL"
"Uttar Pradesh","Mirzapur","2010-02-18",2010,2,0.0,"IMD GRID MODEL"
"Uttar Pradesh","Mirzapur","2010-02-18",2010,2,0.0,"IMD GRID MODEL"
"Uttar Pradesh","Mirzapur","2010-02-18",2010,2,0.0,"IMD GRID MODEL"
"Uttar Pradesh","Mirzapur","2010-02-18",2010,2,0.0,"IMD GRID MODEL"
"Uttar Pradesh","Mirzapur","2010-02-18",2010,2,0.0,"IMD GRID MODEL"
"Uttar Pradesh","Mirzapur","2010-02-18",2010,2,0.0,"IMD GRID MODEL"
"Uttar Pradesh","Mirzapur","2010-02-18",2010,2,0.0,"IMD GRID MODEL"
"Uttar Pradesh","Mirzapur","2010-02-18",2010,2,0.0,"IMD GRID MODEL"
"Uttar Pradesh","Mirzapur","2010-02-18",2010,2,0.0,"IMD GRID MODEL"
"Uttar Pradesh","Mirzapur","2010-02-18",2010,2,0.0,"IMD GRID MODEL"
"Uttar Pradesh","Mirzapur","2010-02-18",2010,2,0.0,"IMD GRID MODEL"
"Uttar Pradesh","Mirzapur","2010-02-18",2010,2,0.0,"IMD GRID MODEL"
"Uttar Pradesh","Mirzapur","2010-02-18",2010,2,0.0,"IMD GRID MODEL"
"Uttar Pradesh","Mirzapur","2010-02-18",2010,2,0.0,"IMD GRID MODEL"
"Uttar Pradesh","Mirzapur","2010-02-18",2010,2,0.0,"IMD GRID MODEL"
"Uttar Pradesh","Mirzapur","2010-02-19",2010,2,0.0,"IMD GRID MODEL"
"Uttar Pradesh","Mirzapur","2010-02-19",2010,2,0.0,"IMD GRID MODEL"
"Uttar Pradesh","Mirzapur","2010-02-19",2010,2,0.0,"IMD GRID MODEL"
"Uttar Pradesh","Mirzapur","2010-02-19",2010,2,0.0,"IMD GRID MODEL"
"Uttar Pradesh","Mirzapur","2010-02-19",2010,2,0.0,"IMD GRID MODEL"
"Uttar Pradesh","Mirzapur","2010-02-19",2010,2,0.0,"IMD GRID MODEL"
"Uttar Pradesh","Mirzapur","2010-02-19",2010,2,0.0,"IMD GRID MODEL"
"Uttar Pradesh","Mirzapur","2010-02-19",2010,2,0.0,"IMD GRID MODEL"
"Uttar Pradesh","Mirzapur","2010-02-19",2010,2,0.0,"IMD GRID MODEL"
"Uttar Pradesh","Mirzapur","2010-02-19",2010,2,0.0,"IMD GRID MODEL"
"Uttar Pradesh","Mirzapur","2010-02-19",2010,2,0.0,"IMD GRID MODEL"
"Uttar Pradesh","Mirzapur","2010-02-19",2010,2,0.0,"IMD GRID MODEL"
"Uttar Pradesh","Mirzapur","2010-02-19",2010,2,0.0,"IMD GRID MODEL"
"Uttar Pradesh","Mirzapur","2010-02-19",2010,2,0.0,"IMD GRID MODEL"
"Uttar Pradesh","Mirzapur","2010-02-19",2010,2,0.0,"IMD GRID MODEL"
"Uttar Pradesh","Mirzapur","2010-02-19",2010,2,0.0,"IMD GRID MODEL"
"Uttar Pradesh","Mirzapur","2010-02-19",2010,2,0.0,"IMD GRID MODEL"
"Uttar Pradesh","Mirzapur","2010-02-19",2010,2,0.0,"IMD GRID MODEL"
"Uttar Pradesh","Mirzapur","2010-02-20",2010,2,0.0,"IMD GRID MODEL"
"Uttar Pradesh","Mirzapur","2010-02-20",2010,2,0.0,"IMD GRID MODEL"
"Uttar Pradesh","Mirzapur","2010-02-20",2010,2,0.0,"IMD GRID MODEL"
"Uttar Pradesh","Mirzapur","2010-02-20",2010,2,0.0,"IMD GRID MODEL"
"Uttar Pradesh","Mirzapur","2010-02-20",2010,2,0.0,"IMD GRID MODEL"
"Uttar Pradesh","Mirzapur","2010-02-20",2010,2,0.0,"IMD GRID MODEL"
"Uttar Pradesh","Mirzapur","2010-02-20",2010,2,0.0,"IMD GRID MODEL"
"Uttar Pradesh","Mirzapur","2010-02-20",2010,2,0.0,"IMD GRID MODEL"
"Uttar Pradesh","Mirzapur","2010-02-20",2010,2,0.0,"IMD GRID MODEL"
"Uttar Pradesh","Mirzapur","2010-02-20",2010,2,0.0,"IMD GRID MODEL"
"Uttar Pradesh","Mirzapur","2010-02-20",2010,2,0.0,"IMD GRID MODEL"
"Uttar Pradesh","Mirzapur","2010-02-20",2010,2,0.0,"IMD GRID MODEL"
"Uttar Pradesh","Mirzapur","2010-02-20",2010,2,0.0,"IMD GRID MODEL"
"Uttar Pradesh","Mirzapur","2010-02-20",2010,2,0.0,"IMD GRID MODEL"
"Uttar Pradesh","Mirzapur","2010-02-20",2010,2,0.0,"IMD GRID MODEL"
"Uttar Pradesh","Mirzapur","2010-02-20",2010,2,0.0,"IMD GRID MODEL"
"Uttar Pradesh","Mirzapur","2010-02-20",2010,2,0.0,"IMD GRID MODEL"
"Uttar Pradesh","Mirzapur","2010-02-20",2010,2,0.0,"IMD GRID MODEL"
"Uttar Pradesh","Mirzapur","2010-02-21",2010,2,0.0,"IMD GRID MODEL"
"Uttar Pradesh","Mirzapur","2010-02-21",2010,2,0.0,"IMD GRID MODEL"
"Uttar Pradesh","Mirzapur","2010-02-21",2010,2,0.0,"IMD GRID MODEL"
"Uttar Pradesh","Mirzapur","2010-02-21",2010,2,0.0,"IMD GRID MODEL"
"Uttar Pradesh","Mirzapur","2010-02-21",2010,2,0.0,"IMD GRID MODEL"
"Uttar Pradesh","Mirzapur","2010-02-21",2010,2,0.0,"IMD GRID MODEL"
"Uttar Pradesh","Mirzapur","2010-02-21",2010,2,0.0,"IMD GRID MODEL"
"Uttar Pradesh","Mirzapur","2010-02-21",2010,2,0.0,"IMD GRID MODEL"
"Uttar Pradesh","Mirzapur","2010-02-21",2010,2,0.0,"IMD GRID MODEL"
"Uttar Pradesh","Mirzapur","2010-02-21",2010,2,0.0,"IMD GRID MODEL"
"Uttar Pradesh","Mirzapur","2010-02-21",2010,2,0.0,"IMD GRID MODEL"
"Uttar Pradesh","Mirzapur","2010-02-21",2010,2,0.0,"IMD GRID MODEL"
"Uttar Pradesh","Mirzapur","2010-02-21",2010,2,0.0,"IMD GRID MODEL"
"Uttar Pradesh","Mirzapur","2010-02-21",2010,2,0.0,"IMD GRID MODEL"
"Uttar Pradesh","Mirzapur","2010-02-21",2010,2,0.0,"IMD GRID MODEL"
"Uttar Pradesh","Mirzapur","2010-02-21",2010,2,0.0,"IMD GRID MODEL"
"Uttar Pradesh","Mirzapur","2010-02-21",2010,2,0.0,"IMD GRID MODEL"
"Uttar Pradesh","Mirzapur","2010-02-21",2010,2,0.0,"IMD GRID MODEL"
"Uttar Pradesh","Mirzapur","2010-02-22",2010,2,0.0,"IMD GRID MODEL"
"Uttar Pradesh","Mirzapur","2010-02-22",2010,2,0.0,"IMD GRID MODEL"
"Uttar Pradesh","Mirzapur","2010-02-22",2010,2,0.0,"IMD GRID MODEL"
"Uttar Pradesh","Mirzapur","2010-02-22",2010,2,0.0,"IMD GRID MODEL"
"Uttar Pradesh","Mirzapur","2010-02-22",2010,2,0.0,"IMD GRID MODEL"
"Uttar Pradesh","Mirzapur","2010-02-22",2010,2,0.0,"IMD GRID MODEL"
"Uttar Pradesh","Mirzapur","2010-02-22",2010,2,0.0,"IMD GRID MODEL"
"Uttar Pradesh","Mirzapur","2010-02-22",2010,2,0.0,"IMD GRID MODEL"
"Uttar Pradesh","Mirzapur","2010-02-22",2010,2,0.0,"IMD GRID MODEL"
"Uttar Pradesh","Mirzapur","2010-02-22",2010,2,0.0,"IMD GRID MODEL"
"Uttar Pradesh","Mirzapur","2010-02-22",2010,2,0.0,"IMD GRID MODEL"
"Uttar Pradesh","Mirzapur","2010-02-22",2010,2,0.0,"IMD GRID MODEL"
"Uttar Pradesh","Mirzapur","2010-02-22",2010,2,0.0,"IMD GRID MODEL"
"Uttar Pradesh","Mirzapur","2010-02-22",2010,2,0.0,"IMD GRID MODEL"
"Uttar Pradesh","Mirzapur","2010-02-22",2010,2,0.0,"IMD GRID MODEL"
"Uttar Pradesh","Mirzapur","2010-02-22",2010,2,0.0,"IMD GRID MODEL"
"Uttar Pradesh","Mirzapur","2010-02-22",2010,2,0.0,"IMD GRID MODEL"
"Uttar Pradesh","Mirzapur","2010-02-22",2010,2,0.0,"IMD GRID MODEL"
"Uttar Pradesh","Mirzapur","2010-02-23",2010,2,0.0,"IMD GRID MODEL"
"Uttar Pradesh","Mirzapur","2010-02-23",2010,2,0.0,"IMD GRID MODEL"
"Uttar Pradesh","Mirzapur","2010-02-23",2010,2,0.0,"IMD GRID MODEL"
"Uttar Pradesh","Mirzapur","2010-02-23",2010,2,0.0,"IMD GRID MODEL"
"Uttar Pradesh","Mirzapur","2010-02-23",2010,2,0.0,"IMD GRID MODEL"
"Uttar Pradesh","Mirzapur","2010-02-23",2010,2,0.0,"IMD GRID MODEL"
"Uttar Pradesh","Mirzapur","2010-02-23",2010,2,0.0,"IMD GRID MODEL"
"Uttar Pradesh","Mirzapur","2010-02-23",2010,2,0.0,"IMD GRID MODEL"
"Uttar Pradesh","Mirzapur","2010-02-23",2010,2,0.0,"IMD GRID MODEL"
"Uttar Pradesh","Mirzapur","2010-02-23",2010,2,0.0,"IMD GRID MODEL"
"Uttar Pradesh","Mirzapur","2010-02-23",2010,2,0.0,"IMD GRID MODEL"
"Uttar Pradesh","Mirzapur","2010-02-23",2010,2,0.0,"IMD GRID MODEL"
"Uttar Pradesh","Mirzapur","2010-02-23",2010,2,0.0,"IMD GRID MODEL"
"Uttar Pradesh","Mirzapur","2010-02-23",2010,2,0.0,"IMD GRID MODEL"
"Uttar Pradesh","Mirzapur","2010-02-23",2010,2,0.0,"IMD GRID MODEL"
"Uttar Pradesh","Mirzapur","2010-02-23",2010,2,0.0,"IMD GRID MODEL"
"Uttar Pradesh","Mirzapur","2010-02-23",2010,2,0.0,"IMD GRID MODEL"
"Uttar Pradesh","Mirzapur","2010-02-23",2010,2,0.0,"IMD GRID MODEL"
"Uttar Pradesh","Mirzapur","2010-02-24",2010,2,0.0,"IMD GRID MODEL"
"Uttar Pradesh","Mirzapur","2010-02-24",2010,2,0.0,"IMD GRID MODEL"
"Uttar Pradesh","Mirzapur","2010-02-24",2010,2,0.0,"IMD GRID MODEL"
"Uttar Pradesh","Mirzapur","2010-02-24",2010,2,0.0,"IMD GRID MODEL"
"Uttar Pradesh","Mirzapur","2010-02-24",2010,2,0.0,"IMD GRID MODEL"
"Uttar Pradesh","Mirzapur","2010-02-24",2010,2,0.0,"IMD GRID MODEL"
"Uttar Pradesh","Mirzapur","2010-02-24",2010,2,0.0,"IMD GRID MODEL"
"Uttar Pradesh","Mirzapur","2010-02-24",2010,2,0.0,"IMD GRID MODEL"
"Uttar Pradesh","Mirzapur","2010-02-24",2010,2,0.0,"IMD GRID MODEL"
"Uttar Pradesh","Mirzapur","2010-02-24",2010,2,0.0,"IMD GRID MODEL"
"Uttar Pradesh","Mirzapur","2010-02-24",2010,2,0.0,"IMD GRID MODEL"
"Uttar Pradesh","Mirzapur","2010-02-24",2010,2,0.0,"IMD GRID MODEL"
"Uttar Pradesh","Mirzapur","2010-02-24",2010,2,0.0,"IMD GRID MODEL"
"Uttar Pradesh","Mirzapur","2010-02-24",2010,2,0.0,"IMD GRID MODEL"
"Uttar Pradesh","Mirzapur","2010-02-24",2010,2,0.0,"IMD GRID MODEL"
"Uttar Pradesh","Mirzapur","2010-02-24",2010,2,0.0,"IMD GRID MODEL"
"Uttar Pradesh","Mirzapur","2010-02-24",2010,2,0.0,"IMD GRID MODEL"
"Uttar Pradesh","Mirzapur","2010-02-24",2010,2,0.0,"IMD GRID MODEL"
"Uttar Pradesh","Mirzapur","2010-02-25",2010,2,0.0,"IMD GRID MODEL"
"Uttar Pradesh","Mirzapur","2010-02-25",2010,2,0.0,"IMD GRID MODEL"
"Uttar Pradesh","Mirzapur","2010-02-25",2010,2,0.0,"IMD GRID MODEL"
"Uttar Pradesh","Mirzapur","2010-02-25",2010,2,0.0,"IMD GRID MODEL"
"Uttar Pradesh","Mirzapur","2010-02-25",2010,2,0.0,"IMD GRID MODEL"
"Uttar Pradesh","Mirzapur","2010-02-25",2010,2,0.0,"IMD GRID MODEL"
"Uttar Pradesh","Mirzapur","2010-02-25",2010,2,0.0,"IMD GRID MODEL"
"Uttar Pradesh","Mirzapur","2010-02-25",2010,2,0.0,"IMD GRID MODEL"
"Uttar Pradesh","Mirzapur","2010-02-25",2010,2,0.0,"IMD GRID MODEL"
"Uttar Pradesh","Mirzapur","2010-02-25",2010,2,0.0,"IMD GRID MODEL"
"Uttar Pradesh","Mirzapur","2010-02-25",2010,2,0.0,"IMD GRID MODEL"
"Uttar Pradesh","Mirzapur","2010-02-25",2010,2,0.0,"IMD GRID MODEL"
"Uttar Pradesh","Mirzapur","2010-02-25",2010,2,0.0,"IMD GRID MODEL"
"Uttar Pradesh","Mirzapur","2010-02-25",2010,2,0.0,"IMD GRID MODEL"
"Uttar Pradesh","Mirzapur","2010-02-25",2010,2,0.0,"IMD GRID MODEL"
"Uttar Pradesh","Mirzapur","2010-02-25",2010,2,0.0,"IMD GRID MODEL"
"Uttar Pradesh","Mirzapur","2010-02-25",2010,2,0.0,"IMD GRID MODEL"
"Uttar Pradesh","Mirzapur","2010-02-25",2010,2,0.0,"IMD GRID MODEL"
"Uttar Pradesh","Mirzapur","2010-02-26",2010,2,0.0,"IMD GRID MODEL"
"Uttar Pradesh","Mirzapur","2010-02-26",2010,2,0.0,"IMD GRID MODEL"
"Uttar Pradesh","Mirzapur","2010-02-26",2010,2,0.0,"IMD GRID MODEL"
"Uttar Pradesh","Mirzapur","2010-02-26",2010,2,0.0,"IMD GRID MODEL"
"Uttar Pradesh","Mirzapur","2010-02-26",2010,2,0.0,"IMD GRID MODEL"
"Uttar Pradesh","Mirzapur","2010-02-26",2010,2,0.0,"IMD GRID MODEL"
"Uttar Pradesh","Mirzapur","2010-02-26",2010,2,0.0,"IMD GRID MODEL"
"Uttar Pradesh","Mirzapur","2010-02-26",2010,2,0.0,"IMD GRID MODEL"
"Uttar Pradesh","Mirzapur","2010-02-26",2010,2,0.0,"IMD GRID MODEL"
"Uttar Pradesh","Mirzapur","2010-02-26",2010,2,0.0,"IMD GRID MODEL"
"Uttar Pradesh","Mirzapur","2010-02-26",2010,2,0.0,"IMD GRID MODEL"
"Uttar Pradesh","Mirzapur","2010-02-26",2010,2,0.0,"IMD GRID MODEL"
"Uttar Pradesh","Mirzapur","2010-02-26",2010,2,0.0,"IMD GRID MODEL"
"Uttar Pradesh","Mirzapur","2010-02-26",2010,2,0.0,"IMD GRID MODEL"
"Uttar Pradesh","Mirzapur","2010-02-26",2010,2,0.0,"IMD GRID MODEL"
"Uttar Pradesh","Mirzapur","2010-02-26",2010,2,0.0,"IMD GRID MODEL"
"Uttar Pradesh","Mirzapur","2010-02-26",2010,2,0.0,"IMD GRID MODEL"
"Uttar Pradesh","Mirzapur","2010-02-26",2010,2,0.0,"IMD GRID MODEL"
"Uttar Pradesh","Mirzapur","2010-02-27",2010,2,0.0,"IMD GRID MODEL"
"Uttar Pradesh","Mirzapur","2010-02-27",2010,2,0.0,"IMD GRID MODEL"
"Uttar Pradesh","Mirzapur","2010-02-27",2010,2,0.0,"IMD GRID MODEL"
"Uttar Pradesh","Mirzapur","2010-02-27",2010,2,0.0,"IMD GRID MODEL"
"Uttar Pradesh","Mirzapur","2010-02-27",2010,2,0.0,"IMD GRID MODEL"
"Uttar Pradesh","Mirzapur","2010-02-27",2010,2,0.0,"IMD GRID MODEL"
"Uttar Pradesh","Mirzapur","2010-02-27",2010,2,0.0,"IMD GRID MODEL"
"Uttar Pradesh","Mirzapur","2010-02-27",2010,2,0.0,"IMD GRID MODEL"
"Uttar Pradesh","Mirzapur","2010-02-27",2010,2,0.0,"IMD GRID MODEL"
"Uttar Pradesh","Mirzapur","2010-02-27",2010,2,0.0,"IMD GRID MODEL"
"Uttar Pradesh","Mirzapur","2010-02-27",2010,2,0.0,"IMD GRID MODEL"
"Uttar Pradesh","Mirzapur","2010-02-27",2010,2,0.0,"IMD GRID MODEL"
"Uttar Pradesh","Mirzapur","2010-02-27",2010,2,0.0,"IMD GRID MODEL"
"Uttar Pradesh","Mirzapur","2010-02-27",2010,2,0.0,"IMD GRID MODEL"
"Uttar Pradesh","Mirzapur","2010-02-27",2010,2,0.0,"IMD GRID MODEL"
"Uttar Pradesh","Mirzapur","2010-02-27",2010,2,0.0,"IMD GRID MODEL"
"Uttar Pradesh","Mirzapur","2010-02-27",2010,2,0.0,"IMD GRID MODEL"
"Uttar Pradesh","Mirzapur","2010-02-27",2010,2,0.0,"IMD GRID MODEL"
"Uttar Pradesh","Mirzapur","2010-02-28",2010,2,0.076132707,"IMD GRID MODEL"
"Uttar Pradesh","Mirzapur","2010-02-28",2010,2,0.076132707,"IMD GRID MODEL"
"Uttar Pradesh","Mirzapur","2010-02-28",2010,2,0.076132707,"IMD GRID MODEL"
"Uttar Pradesh","Mirzapur","2010-02-28",2010,2,0.076132707,"IMD GRID MODEL"
"Uttar Pradesh","Mirzapur","2010-02-28",2010,2,0.076132707,"IMD GRID MODEL"
"Uttar Pradesh","Mirzapur","2010-02-28",2010,2,0.076132707,"IMD GRID MODEL"
"Uttar Pradesh","Mirzapur","2010-02-28",2010,2,0.076132707,"IMD GRID MODEL"
"Uttar Pradesh","Mirzapur","2010-02-28",2010,2,0.076132707,"IMD GRID MODEL"
"Uttar Pradesh","Mirzapur","2010-02-28",2010,2,0.076132707,"IMD GRID MODEL"
"Uttar Pradesh","Mirzapur","2010-02-28",2010,2,0.076132707,"IMD GRID MODEL"
"Uttar Pradesh","Mirzapur","2010-02-28",2010,2,0.076132707,"IMD GRID MODEL"
"Uttar Pradesh","Mirzapur","2010-02-28",2010,2,0.076132707,"IMD GRID MODEL"
"Uttar Pradesh","Mirzapur","2010-02-28",2010,2,0.076132707,"IMD GRID MODEL"
"Uttar Pradesh","Mirzapur","2010-02-28",2010,2,0.076132707,"IMD GRID MODEL"
"Uttar Pradesh","Mirzapur","2010-02-28",2010,2,0.076132707,"IMD GRID MODEL"
"Uttar Pradesh","Mirzapur","2010-02-28",2010,2,0.076132707,"IMD GRID MODEL"
"Uttar Pradesh","Mirzapur","2010-02-28",2010,2,0.076132707,"IMD GRID MODEL"
"Uttar Pradesh","Mirzapur","2010-02-28",2010,2,0.076132707,"IMD GRID MODEL"
"Uttar Pradesh","Mirzapur","2010-01-01",2010,1,0.0,"IMD GRID MODEL"
"Uttar Pradesh","Mirzapur","2010-01-01",2010,1,0.0,"IMD GRID MODEL"
"Uttar Pradesh","Mirzapur","2010-01-01",2010,1,0.0,"IMD GRID MODEL"
"Uttar Pradesh","Mirzapur","2010-01-01",2010,1,0.0,"IMD GRID MODEL"
"Uttar Pradesh","Mirzapur","2010-01-01",2010,1,0.0,"IMD GRID MODEL"
"Uttar Pradesh","Mirzapur","2010-01-01",2010,1,0.0,"IMD GRID MODEL"
"Uttar Pradesh","Mirzapur","2010-01-01",2010,1,0.0,"IMD GRID MODEL"
"Uttar Pradesh","Mirzapur","2010-01-01",2010,1,0.0,"IMD GRID MODEL"
"Uttar Pradesh","Mirzapur","2010-01-01",2010,1,0.0,"IMD GRID MODEL"
"Uttar Pradesh","Mirzapur","2010-01-01",2010,1,0.0,"IMD GRID MODEL"
"Uttar Pradesh","Mirzapur","2010-01-01",2010,1,0.0,"IMD GRID MODEL"
"Uttar Pradesh","Mirzapur","2010-01-01",2010,1,0.0,"IMD GRID MODEL"
"Uttar Pradesh","Mirzapur","2010-01-01",2010,1,0.0,"IMD GRID MODEL"
"Uttar Pradesh","Mirzapur","2010-01-01",2010,1,0.0,"IMD GRID MODEL"
"Uttar Pradesh","Mirzapur","2010-01-01",2010,1,0.0,"IMD GRID MODEL"
"Uttar Pradesh","Mirzapur","2010-01-01",2010,1,0.0,"IMD GRID MODEL"
"Uttar Pradesh","Mirzapur","2010-01-01",2010,1,0.0,"IMD GRID MODEL"
"Uttar Pradesh","Mirzapur","2010-01-01",2010,1,0.0,"IMD GRID MODEL"
"Uttar Pradesh","Mirzapur","2010-01-02",2010,1,0.0,"IMD GRID MODEL"
"Uttar Pradesh","Mirzapur","2010-01-02",2010,1,0.0,"IMD GRID MODEL"
"Uttar Pradesh","Mirzapur","2010-01-02",2010,1,0.0,"IMD GRID MODEL"
"Uttar Pradesh","Mirzapur","2010-01-02",2010,1,0.0,"IMD GRID MODEL"
"Uttar Pradesh","Mirzapur","2010-01-02",2010,1,0.0,"IMD GRID MODEL"
"Uttar Pradesh","Mirzapur","2010-01-02",2010,1,0.0,"IMD GRID MODEL"
"Uttar Pradesh","Mirzapur","2010-01-02",2010,1,0.0,"IMD GRID MODEL"
"Uttar Pradesh","Mirzapur","2010-01-02",2010,1,0.0,"IMD GRID MODEL"
"Uttar Pradesh","Mirzapur","2010-01-02",2010,1,0.0,"IMD GRID MODEL"
"Uttar Pradesh","Mirzapur","2010-01-02",2010,1,0.0,"IMD GRID MODEL"
"Uttar Pradesh","Mirzapur","2010-01-02",2010,1,0.0,"IMD GRID MODEL"
"Uttar Pradesh","Mirzapur","2010-01-02",2010,1,0.0,"IMD GRID MODEL"
"Uttar Pradesh","Mirzapur","2010-01-02",2010,1,0.0,"IMD GRID MODEL"
"Uttar Pradesh","Mirzapur","2010-01-02",2010,1,0.0,"IMD GRID MODEL"
"Uttar Pradesh","Mirzapur","2010-01-02",2010,1,0.0,"IMD GRID MODEL"
"Uttar Pradesh","Mirzapur","2010-01-02",2010,1,0.0,"IMD GRID MODEL"
"Uttar Pradesh","Mirzapur","2010-01-02",2010,1,0.0,"IMD GRID MODEL"
"Uttar Pradesh","Mirzapur","2010-01-02",2010,1,0.0,"IMD GRID MODEL"
"Uttar Pradesh","Mirzapur","2010-01-03",2010,1,0.0,"IMD GRID MODEL"
"Uttar Pradesh","Mirzapur","2010-01-03",2010,1,0.0,"IMD GRID MODEL"
"Uttar Pradesh","Mirzapur","2010-01-03",2010,1,0.0,"IMD GRID MODEL"
"Uttar Pradesh","Mirzapur","2010-01-03",2010,1,0.0,"IMD GRID MODEL"
"Uttar Pradesh","Mirzapur","2010-01-03",2010,1,0.0,"IMD GRID MODEL"
"Uttar Pradesh","Mirzapur","2010-01-03",2010,1,0.0,"IMD GRID MODEL"
"Uttar Pradesh","Mirzapur","2010-01-03",2010,1,0.0,"IMD GRID MODEL"
"Uttar Pradesh","Mirzapur","2010-01-03",2010,1,0.0,"IMD GRID MODEL"
"Uttar Pradesh","Mirzapur","2010-01-03",2010,1,0.0,"IMD GRID MODEL"
"Uttar Pradesh","Mirzapur","2010-01-03",2010,1,0.0,"IMD GRID MODEL"
"Uttar Pradesh","Mirzapur","2010-01-03",2010,1,0.0,"IMD GRID MODEL"
"Uttar Pradesh","Mirzapur","2010-01-03",2010,1,0.0,"IMD GRID MODEL"
"Uttar Pradesh","Mirzapur","2010-01-03",2010,1,0.0,"IMD GRID MODEL"
"Uttar Pradesh","Mirzapur","2010-01-03",2010,1,0.0,"IMD GRID MODEL"
"Uttar Pradesh","Mirzapur","2010-01-03",2010,1,0.0,"IMD GRID MODEL"
"Uttar Pradesh","Mirzapur","2010-01-03",2010,1,0.0,"IMD GRID MODEL"
"Uttar Pradesh","Mirzapur","2010-01-03",2010,1,0.0,"IMD GRID MODEL"
"Uttar Pradesh","Mirzapur","2010-01-03",2010,1,0.0,"IMD GRID MODEL"
"Uttar Pradesh","Mirzapur","2010-01-05",2010,1,0.0,"IMD GRID MODEL"
"Uttar Pradesh","Mirzapur","2010-01-05",2010,1,0.0,"IMD GRID MODEL"
"Uttar Pradesh","Mirzapur","2010-01-05",2010,1,0.0,"IMD GRID MODEL"
"Uttar Pradesh","Mirzapur","2010-01-05",2010,1,0.0,"IMD GRID MODEL"
"Uttar Pradesh","Mirzapur","2010-01-05",2010,1,0.0,"IMD GRID MODEL"
"Uttar Pradesh","Mirzapur","2010-01-05",2010,1,0.0,"IMD GRID MODEL"
"Uttar Pradesh","Mirzapur","2010-01-05",2010,1,0.0,"IMD GRID MODEL"
"Uttar Pradesh","Mirzapur","2010-01-05",2010,1,0.0,"IMD GRID MODEL"
"Uttar Pradesh","Mirzapur","2010-01-05",2010,1,0.0,"IMD GRID MODEL"
"Uttar Pradesh","Mirzapur","2010-01-05",2010,1,0.0,"IMD GRID MODEL"
"Uttar Pradesh","Mirzapur","2010-01-05",2010,1,0.0,"IMD GRID MODEL"
"Uttar Pradesh","Mirzapur","2010-01-05",2010,1,0.0,"IMD GRID MODEL"
"Uttar Pradesh","Mirzapur","2010-01-05",2010,1,0.0,"IMD GRID MODEL"
"Uttar Pradesh","Mirzapur","2010-01-05",2010,1,0.0,"IMD GRID MODEL"
"Uttar Pradesh","Mirzapur","2010-01-05",2010,1,0.0,"IMD GRID MODEL"
"Uttar Pradesh","Mirzapur","2010-01-05",2010,1,0.0,"IMD GRID MODEL"
"Uttar Pradesh","Mirzapur","2010-01-05",2010,1,0.0,"IMD GRID MODEL"
"Uttar Pradesh","Mirzapur","2010-01-05",2010,1,0.0,"IMD GRID MODEL"
"Uttar Pradesh","Mirzapur","2010-01-06",2010,1,0.0,"IMD GRID MODEL"
"Uttar Pradesh","Mirzapur","2010-01-06",2010,1,0.0,"IMD GRID MODEL"
"Uttar Pradesh","Mirzapur","2010-01-06",2010,1,0.0,"IMD GRID MODEL"
"Uttar Pradesh","Mirzapur","2010-01-06",2010,1,0.0,"IMD GRID MODEL"
"Uttar Pradesh","Mirzapur","2010-01-06",2010,1,0.0,"IMD GRID MODEL"
"Uttar Pradesh","Mirzapur","2010-01-06",2010,1,0.0,"IMD GRID MODEL"
"Uttar Pradesh","Mirzapur","2010-01-06",2010,1,0.0,"IMD GRID MODEL"
"Uttar Pradesh","Mirzapur","2010-01-06",2010,1,0.0,"IMD GRID MODEL"
"Uttar Pradesh","Mirzapur","2010-01-06",2010,1,0.0,"IMD GRID MODEL"
"Uttar Pradesh","Mirzapur","2010-01-06",2010,1,0.0,"IMD GRID MODEL"
"Uttar Pradesh","Mirzapur","2010-01-06",2010,1,0.0,"IMD GRID MODEL"
"Uttar Pradesh","Mirzapur","2010-01-06",2010,1,0.0,"IMD GRID MODEL"
"Uttar Pradesh","Mirzapur","2010-01-06",2010,1,0.0,"IMD GRID MODEL"
"Uttar Pradesh","Mirzapur","2010-01-06",2010,1,0.0,"IMD GRID MODEL"
"Uttar Pradesh","Mirzapur","2010-01-06",2010,1,0.0,"IMD GRID MODEL"
"Uttar Pradesh","Mirzapur","2010-01-06",2010,1,0.0,"IMD GRID MODEL"
"Uttar Pradesh","Mirzapur","2010-01-06",2010,1,0.0,"IMD GRID MODEL"
"Uttar Pradesh","Mirzapur","2010-01-06",2010,1,0.0,"IMD GRID MODEL"
"Uttar Pradesh","Mirzapur","2010-01-07",2010,1,0.0,"IMD GRID MODEL"
"Uttar Pradesh","Mirzapur","2010-01-07",2010,1,0.0,"IMD GRID MODEL"
"Uttar Pradesh","Mirzapur","2010-01-07",2010,1,0.0,"IMD GRID MODEL"
"Uttar Pradesh","Mirzapur","2010-01-07",2010,1,0.0,"IMD GRID MODEL"
"Uttar Pradesh","Mirzapur","2010-01-07",2010,1,0.0,"IMD GRID MODEL"
"Uttar Pradesh","Mirzapur","2010-01-07",2010,1,0.0,"IMD GRID MODEL"
"Uttar Pradesh","Mirzapur","2010-01-07",2010,1,0.0,"IMD GRID MODEL"
"Uttar Pradesh","Mirzapur","2010-01-07",2010,1,0.0,"IMD GRID MODEL"
"Uttar Pradesh","Mirzapur","2010-01-07",2010,1,0.0,"IMD GRID MODEL"
"Uttar Pradesh","Mirzapur","2010-01-07",2010,1,0.0,"IMD GRID MODEL"
"Uttar Pradesh","Mirzapur","2010-01-07",2010,1,0.0,"IMD GRID MODEL"
"Uttar Pradesh","Mirzapur","2010-01-07",2010,1,0.0,"IMD GRID MODEL"
"Uttar Pradesh","Mirzapur","2010-01-07",2010,1,0.0,"IMD GRID MODEL"
"Uttar Pradesh","Mirzapur","2010-01-07",2010,1,0.0,"IMD GRID MODEL"
"Uttar Pradesh","Mirzapur","2010-01-07",2010,1,0.0,"IMD GRID MODEL"
"Uttar Pradesh","Mirzapur","2010-01-07",2010,1,0.0,"IMD GRID MODEL"
"Uttar Pradesh","Mirzapur","2010-01-07",2010,1,0.0,"IMD GRID MODEL"
"Uttar Pradesh","Mirzapur","2010-01-07",2010,1,0.0,"IMD GRID MODEL"
"Uttar Pradesh","Mirzapur","2010-01-08",2010,1,0.0,"IMD GRID MODEL"
"Uttar Pradesh","Mirzapur","2010-01-08",2010,1,0.0,"IMD GRID MODEL"
"Uttar Pradesh","Mirzapur","2010-01-08",2010,1,0.0,"IMD GRID MODEL"
"Uttar Pradesh","Mirzapur","2010-01-08",2010,1,0.0,"IMD GRID MODEL"
"Uttar Pradesh","Mirzapur","2010-01-08",2010,1,0.0,"IMD GRID MODEL"
"Uttar Pradesh","Mirzapur","2010-01-08",2010,1,0.0,"IMD GRID MODEL"
"Uttar Pradesh","Mirzapur","2010-01-08",2010,1,0.0,"IMD GRID MODEL"
"Uttar Pradesh","Mirzapur","2010-01-08",2010,1,0.0,"IMD GRID MODEL"
"Uttar Pradesh","Mirzapur","2010-01-08",2010,1,0.0,"IMD GRID MODEL"
"Uttar Pradesh","Mirzapur","2010-01-08",2010,1,0.0,"IMD GRID MODEL"
"Uttar Pradesh","Mirzapur","2010-01-08",2010,1,0.0,"IMD GRID MODEL"
"Uttar Pradesh","Mirzapur","2010-01-08",2010,1,0.0,"IMD GRID MODEL"
"Uttar Pradesh","Mirzapur","2010-01-08",2010,1,0.0,"IMD GRID MODEL"
"Uttar Pradesh","Mirzapur","2010-01-08",2010,1,0.0,"IMD GRID MODEL"
"Uttar Pradesh","Mirzapur","2010-01-08",2010,1,0.0,"IMD GRID MODEL"
"Uttar Pradesh","Mirzapur","2010-01-08",2010,1,0.0,"IMD GRID MODEL"
"Uttar Pradesh","Mirzapur","2010-01-08",2010,1,0.0,"IMD GRID MODEL"
"Uttar Pradesh","Mirzapur","2010-01-08",2010,1,0.0,"IMD GRID MODEL"
"Uttar Pradesh","Mirzapur","2010-01-09",2010,1,0.0,"IMD GRID MODEL"
"Uttar Pradesh","Mirzapur","2010-01-09",2010,1,0.0,"IMD GRID MODEL"
"Uttar Pradesh","Mirzapur","2010-01-09",2010,1,0.0,"IMD GRID MODEL"
"Uttar Pradesh","Mirzapur","2010-01-09",2010,1,0.0,"IMD GRID MODEL"
"Uttar Pradesh","Mirzapur","2010-01-09",2010,1,0.0,"IMD GRID MODEL"
"Uttar Pradesh","Mirzapur","2010-01-09",2010,1,0.0,"IMD GRID MODEL"
"Uttar Pradesh","Mirzapur","2010-01-09",2010,1,0.0,"IMD GRID MODEL"
"Uttar Pradesh","Mirzapur","2010-01-09",2010,1,0.0,"IMD GRID MODEL"
"Uttar Pradesh","Mirzapur","2010-01-09",2010,1,0.0,"IMD GRID MODEL"
"Uttar Pradesh","Mirzapur","2010-01-09",2010,1,0.0,"IMD GRID MODEL"
"Uttar Pradesh","Mirzapur","2010-01-09",2010,1,0.0,"IMD GRID MODEL"
"Uttar Pradesh","Mirzapur","2010-01-09",2010,1,0.0,"IMD GRID MODEL"
"Uttar Pradesh","Mirzapur","2010-01-09",2010,1,0.0,"IMD GRID MODEL"
"Uttar Pradesh","Mirzapur","2010-01-09",2010,1,0.0,"IMD GRID MODEL"
"Uttar Pradesh","Mirzapur","2010-01-09",2010,1,0.0,"IMD GRID MODEL"
"Uttar Pradesh","Mirzapur","2010-01-09",2010,1,0.0,"IMD GRID MODEL"
"Uttar Pradesh","Mirzapur","2010-01-09",2010,1,0.0,"IMD GRID MODEL"
"Uttar Pradesh","Mirzapur","2010-01-09",2010,1,0.0,"IMD GRID MODEL"
"Uttar Pradesh","Mirzapur","2010-01-10",2010,1,0.0,"IMD GRID MODEL"
"Uttar Pradesh","Mirzapur","2010-01-10",2010,1,0.0,"IMD GRID MODEL"
"Uttar Pradesh","Mirzapur","2010-01-10",2010,1,0.0,"IMD GRID MODEL"
"Uttar Pradesh","Mirzapur","2010-01-10",2010,1,0.0,"IMD GRID MODEL"
"Uttar Pradesh","Mirzapur","2010-01-10",2010,1,0.0,"IMD GRID MODEL"
"Uttar Pradesh","Mirzapur","2010-01-10",2010,1,0.0,"IMD GRID MODEL"
"Uttar Pradesh","Mirzapur","2010-01-10",2010,1,0.0,"IMD GRID MODEL"
"Uttar Pradesh","Mirzapur","2010-01-10",2010,1,0.0,"IMD GRID MODEL"
"Uttar Pradesh","Mirzapur","2010-01-10",2010,1,0.0,"IMD GRID MODEL"
"Uttar Pradesh","Mirzapur","2010-01-10",2010,1,0.0,"IMD GRID MODEL"
"Uttar Pradesh","Mirzapur","2010-01-10",2010,1,0.0,"IMD GRID MODEL"
"Uttar Pradesh","Mirzapur","2010-01-10",2010,1,0.0,"IMD GRID MODEL"
"Uttar Pradesh","Mirzapur","2010-01-10",2010,1,0.0,"IMD GRID MODEL"
"Uttar Pradesh","Mirzapur","2010-01-10",2010,1,0.0,"IMD GRID MODEL"
"Uttar Pradesh","Mirzapur","2010-01-10",2010,1,0.0,"IMD GRID MODEL"
"Uttar Pradesh","Mirzapur","2010-01-10",2010,1,0.0,"IMD GRID MODEL"
"Uttar Pradesh","Mirzapur","2010-01-10",2010,1,0.0,"IMD GRID MODEL"
"Uttar Pradesh","Mirzapur","2010-01-10",2010,1,0.0,"IMD GRID MODEL"
"Uttar Pradesh","Mirzapur","2010-01-11",2010,1,0.0,"IMD GRID MODEL"
"Uttar Pradesh","Mirzapur","2010-01-11",2010,1,0.0,"IMD GRID MODEL"
"Uttar Pradesh","Mirzapur","2010-01-11",2010,1,0.0,"IMD GRID MODEL"
"Uttar Pradesh","Mirzapur","2010-01-11",2010,1,0.0,"IMD GRID MODEL"
"Uttar Pradesh","Mirzapur","2010-01-11",2010,1,0.0,"IMD GRID MODEL"
"Uttar Pradesh","Mirzapur","2010-01-11",2010,1,0.0,"IMD GRID MODEL"
"Uttar Pradesh","Mirzapur","2010-01-11",2010,1,0.0,"IMD GRID MODEL"
"Uttar Pradesh","Mirzapur","2010-01-11",2010,1,0.0,"IMD GRID MODEL"
"Uttar Pradesh","Mirzapur","2010-01-11",2010,1,0.0,"IMD GRID MODEL"
"Uttar Pradesh","Mirzapur","2010-01-11",2010,1,0.0,"IMD GRID MODEL"
"Uttar Pradesh","Mirzapur","2010-01-11",2010,1,0.0,"IMD GRID MODEL"
"Uttar Pradesh","Mirzapur","2010-01-11",2010,1,0.0,"IMD GRID MODEL"
"Uttar Pradesh","Mirzapur","2010-01-11",2010,1,0.0,"IMD GRID MODEL"
"Uttar Pradesh","Mirzapur","2010-01-11",2010,1,0.0,"IMD GRID MODEL"
"Uttar Pradesh","Mirzapur","2010-01-11",2010,1,0.0,"IMD GRID MODEL"
"Uttar Pradesh","Mirzapur","2010-01-11",2010,1,0.0,"IMD GRID MODEL"
"Uttar Pradesh","Mirzapur","2010-01-11",2010,1,0.0,"IMD GRID MODEL"
"Uttar Pradesh","Mirzapur","2010-01-11",2010,1,0.0,"IMD GRID MODEL"
"Uttar Pradesh","Mirzapur","2010-01-12",2010,1,0.0,"IMD GRID MODEL"
"Uttar Pradesh","Mirzapur","2010-01-12",2010,1,0.0,"IMD GRID MODEL"
"Uttar Pradesh","Mirzapur","2010-01-12",2010,1,0.0,"IMD GRID MODEL"
"Uttar Pradesh","Mirzapur","2010-01-12",2010,1,0.0,"IMD GRID MODEL"
"Uttar Pradesh","Mirzapur","2010-01-12",2010,1,0.0,"IMD GRID MODEL"
"Uttar Pradesh","Mirzapur","2010-01-12",2010,1,0.0,"IMD GRID MODEL"
"Uttar Pradesh","Mirzapur","2010-01-12",2010,1,0.0,"IMD GRID MODEL"
"Uttar Pradesh","Mirzapur","2010-01-12",2010,1,0.0,"IMD GRID MODEL"
"Uttar Pradesh","Mirzapur","2010-01-12",2010,1,0.0,"IMD GRID MODEL"
"Uttar Pradesh","Mirzapur","2010-01-12",2010,1,0.0,"IMD GRID MODEL"
"Uttar Pradesh","Mirzapur","2010-01-12",2010,1,0.0,"IMD GRID MODEL"
"Uttar Pradesh","Mirzapur","2010-01-12",2010,1,0.0,"IMD GRID MODEL"
"Uttar Pradesh","Mirzapur","2010-01-12",2010,1,0.0,"IMD GRID MODEL"
"Uttar Pradesh","Mirzapur","2010-01-12",2010,1,0.0,"IMD GRID MODEL"
"Uttar Pradesh","Mirzapur","2010-01-12",2010,1,0.0,"IMD GRID MODEL"
"Uttar Pradesh","Mirzapur","2010-01-12",2010,1,0.0,"IMD GRID MODEL"
"Uttar Pradesh","Mirzapur","2010-01-12",2010,1,0.0,"IMD GRID MODEL"
"Uttar Pradesh","Mirzapur","2010-01-12",2010,1,0.0,"IMD GRID MODEL"
"Uttar Pradesh","Mirzapur","2010-01-13",2010,1,0.0,"IMD GRID MODEL"
"Uttar Pradesh","Mirzapur","2010-01-13",2010,1,0.0,"IMD GRID MODEL"
"Uttar Pradesh","Mirzapur","2010-01-13",2010,1,0.0,"IMD GRID MODEL"
"Uttar Pradesh","Mirzapur","2010-01-13",2010,1,0.0,"IMD GRID MODEL"
"Uttar Pradesh","Mirzapur","2010-01-13",2010,1,0.0,"IMD GRID MODEL"
"Uttar Pradesh","Mirzapur","2010-01-13",2010,1,0.0,"IMD GRID MODEL"
"Uttar Pradesh","Mirzapur","2010-01-13",2010,1,0.0,"IMD GRID MODEL"
"Uttar Pradesh","Mirzapur","2010-01-13",2010,1,0.0,"IMD GRID MODEL"
"Uttar Pradesh","Mirzapur","2010-01-13",2010,1,0.0,"IMD GRID MODEL"
"Uttar Pradesh","Mirzapur","2010-01-13",2010,1,0.0,"IMD GRID MODEL"
"Uttar Pradesh","Mirzapur","2010-01-13",2010,1,0.0,"IMD GRID MODEL"
"Uttar Pradesh","Mirzapur","2010-01-13",2010,1,0.0,"IMD GRID MODEL"
"Uttar Pradesh","Mirzapur","2010-01-13",2010,1,0.0,"IMD GRID MODEL"
"Uttar Pradesh","Mirzapur","2010-01-13",2010,1,0.0,"IMD GRID MODEL"
"Uttar Pradesh","Mirzapur","2010-01-13",2010,1,0.0,"IMD GRID MODEL"
"Uttar Pradesh","Mirzapur","2010-01-13",2010,1,0.0,"IMD GRID MODEL"
"Uttar Pradesh","Mirzapur","2010-01-13",2010,1,0.0,"IMD GRID MODEL"
"Uttar Pradesh","Mirzapur","2010-01-13",2010,1,0.0,"IMD GRID MODEL"
"Uttar Pradesh","Mirzapur","2010-01-14",2010,1,0.0,"IMD GRID MODEL"
"Uttar Pradesh","Mirzapur","2010-01-14",2010,1,0.0,"IMD GRID MODEL"
"Uttar Pradesh","Mirzapur","2010-01-14",2010,1,0.0,"IMD GRID MODEL"
"Uttar Pradesh","Mirzapur","2010-01-14",2010,1,0.0,"IMD GRID MODEL"
"Uttar Pradesh","Mirzapur","2010-01-14",2010,1,0.0,"IMD GRID MODEL"
"Uttar Pradesh","Mirzapur","2010-01-14",2010,1,0.0,"IMD GRID MODEL"
"Uttar Pradesh","Mirzapur","2010-01-14",2010,1,0.0,"IMD GRID MODEL"
"Uttar Pradesh","Mirzapur","2010-01-14",2010,1,0.0,"IMD GRID MODEL"
"Uttar Pradesh","Mirzapur","2010-01-14",2010,1,0.0,"IMD GRID MODEL"
"Uttar Pradesh","Mirzapur","2010-01-14",2010,1,0.0,"IMD GRID MODEL"
"Uttar Pradesh","Mirzapur","2010-01-14",2010,1,0.0,"IMD GRID MODEL"
"Uttar Pradesh","Mirzapur","2010-01-14",2010,1,0.0,"IMD GRID MODEL"
"Uttar Pradesh","Mirzapur","2010-01-14",2010,1,0.0,"IMD GRID MODEL"
"Uttar Pradesh","Mirzapur","2010-01-14",2010,1,0.0,"IMD GRID MODEL"
"Uttar Pradesh","Mirzapur","2010-01-14",2010,1,0.0,"IMD GRID MODEL"
"Uttar Pradesh","Mirzapur","2010-01-14",2010,1,0.0,"IMD GRID MODEL"
"Uttar Pradesh","Mirzapur","2010-01-14",2010,1,0.0,"IMD GRID MODEL"
"Uttar Pradesh","Mirzapur","2010-01-14",2010,1,0.0,"IMD GRID MODEL"
"Uttar Pradesh","Mirzapur","2010-01-15",2010,1,0.0,"IMD GRID MODEL"
"Uttar Pradesh","Mirzapur","2010-01-15",2010,1,0.0,"IMD GRID MODEL"
"Uttar Pradesh","Mirzapur","2010-01-15",2010,1,0.0,"IMD GRID MODEL"
"Uttar Pradesh","Mirzapur","2010-01-15",2010,1,0.0,"IMD GRID MODEL"
"Uttar Pradesh","Mirzapur","2010-01-15",2010,1,0.0,"IMD GRID MODEL"
"Uttar Pradesh","Mirzapur","2010-01-15",2010,1,0.0,"IMD GRID MODEL"
"Uttar Pradesh","Mirzapur","2010-01-15",2010,1,0.0,"IMD GRID MODEL"
"Uttar Pradesh","Mirzapur","2010-01-15",2010,1,0.0,"IMD GRID MODEL"
"Uttar Pradesh","Mirzapur","2010-01-15",2010,1,0.0,"IMD GRID MODEL"
"Uttar Pradesh","Mirzapur","2010-01-15",2010,1,0.0,"IMD GRID MODEL"
"Uttar Pradesh","Mirzapur","2010-01-15",2010,1,0.0,"IMD GRID MODEL"
"Uttar Pradesh","Mirzapur","2010-01-15",2010,1,0.0,"IMD GRID MODEL"
"Uttar Pradesh","Mirzapur","2010-01-15",2010,1,0.0,"IMD GRID MODEL"
"Uttar Pradesh","Mirzapur","2010-01-15",2010,1,0.0,"IMD GRID MODEL"
"Uttar Pradesh","Mirzapur","2010-01-15",2010,1,0.0,"IMD GRID MODEL"
"Uttar Pradesh","Mirzapur","2010-01-15",2010,1,0.0,"IMD GRID MODEL"
"Uttar Pradesh","Mirzapur","2010-01-15",2010,1,0.0,"IMD GRID MODEL"
"Uttar Pradesh","Mirzapur","2010-01-15",2010,1,0.0,"IMD GRID MODEL"
"Uttar Pradesh","Mirzapur","2010-01-16",2010,1,0.0,"IMD GRID MODEL"
"Uttar Pradesh","Mirzapur","2010-01-16",2010,1,0.0,"IMD GRID MODEL"
"Uttar Pradesh","Mirzapur","2010-01-16",2010,1,0.0,"IMD GRID MODEL"
"Uttar Pradesh","Mirzapur","2010-01-16",2010,1,0.0,"IMD GRID MODEL"
"Uttar Pradesh","Mirzapur","2010-01-16",2010,1,0.0,"IMD GRID MODEL"
"Uttar Pradesh","Mirzapur","2010-01-16",2010,1,0.0,"IMD GRID MODEL"
"Uttar Pradesh","Mirzapur","2010-01-16",2010,1,0.0,"IMD GRID MODEL"
"Uttar Pradesh","Mirzapur","2010-01-16",2010,1,0.0,"IMD GRID MODEL"
"Uttar Pradesh","Mirzapur","2010-01-16",2010,1,0.0,"IMD GRID MODEL"
"Uttar Pradesh","Mirzapur","2010-01-16",2010,1,0.0,"IMD GRID MODEL"
"Uttar Pradesh","Mirzapur","2010-01-16",2010,1,0.0,"IMD GRID MODEL"
"Uttar Pradesh","Mirzapur","2010-01-16",2010,1,0.0,"IMD GRID MODEL"
"Uttar Pradesh","Mirzapur","2010-01-16",2010,1,0.0,"IMD GRID MODEL"
"Uttar Pradesh","Mirzapur","2010-01-16",2010,1,0.0,"IMD GRID MODEL"
"Uttar Pradesh","Mirzapur","2010-01-16",2010,1,0.0,"IMD GRID MODEL"
"Uttar Pradesh","Mirzapur","2010-01-16",2010,1,0.0,"IMD GRID MODEL"
"Uttar Pradesh","Mirzapur","2010-01-16",2010,1,0.0,"IMD GRID MODEL"
"Uttar Pradesh","Mirzapur","2010-01-16",2010,1,0.0,"IMD GRID MODEL"
"Uttar Pradesh","Mirzapur","2010-01-17",2010,1,0.776598582,"IMD GRID MODEL"
"Uttar Pradesh","Mirzapur","2010-01-17",2010,1,0.776598582,"IMD GRID MODEL"
"Uttar Pradesh","Mirzapur","2010-01-17",2010,1,0.776598582,"IMD GRID MODEL"
"Uttar Pradesh","Mirzapur","2010-01-17",2010,1,0.776598582,"IMD GRID MODEL"
"Uttar Pradesh","Mirzapur","2010-01-17",2010,1,0.776598582,"IMD GRID MODEL"
"Uttar Pradesh","Mirzapur","2010-01-17",2010,1,0.776598582,"IMD GRID MODEL"
"Uttar Pradesh","Mirzapur","2010-01-17",2010,1,0.776598582,"IMD GRID MODEL"
"Uttar Pradesh","Mirzapur","2010-01-17",2010,1,0.776598582,"IMD GRID MODEL"
"Uttar Pradesh","Mirzapur","2010-01-17",2010,1,0.776598582,"IMD GRID MODEL"
"Uttar Pradesh","Mirzapur","2010-01-17",2010,1,0.776598582,"IMD GRID MODEL"
"Uttar Pradesh","Mirzapur","2010-01-17",2010,1,0.776598582,"IMD GRID MODEL"
"Uttar Pradesh","Mirzapur","2010-01-17",2010,1,0.776598582,"IMD GRID MODEL"
"Uttar Pradesh","Mirzapur","2010-01-17",2010,1,0.776598582,"IMD GRID MODEL"
"Uttar Pradesh","Mirzapur","2010-01-17",2010,1,0.776598582,"IMD GRID MODEL"
"Uttar Pradesh","Mirzapur","2010-01-17",2010,1,0.776598582,"IMD GRID MODEL"
"Uttar Pradesh","Mirzapur","2010-01-17",2010,1,0.776598582,"IMD GRID MODEL"
"Uttar Pradesh","Mirzapur","2010-01-17",2010,1,0.776598582,"IMD GRID MODEL"
"Uttar Pradesh","Mirzapur","2010-01-17",2010,1,0.776598582,"IMD GRID MODEL"
"Uttar Pradesh","Mirzapur","2010-01-18",2010,1,1.614546992,"IMD GRID MODEL"
"Uttar Pradesh","Mirzapur","2010-01-18",2010,1,1.614546992,"IMD GRID MODEL"
"Uttar Pradesh","Mirzapur","2010-01-18",2010,1,1.614546992,"IMD GRID MODEL"
"Uttar Pradesh","Mirzapur","2010-01-18",2010,1,1.614546992,"IMD GRID MODEL"
"Uttar Pradesh","Mirzapur","2010-01-18",2010,1,1.614546992,"IMD GRID MODEL"
"Uttar Pradesh","Mirzapur","2010-01-18",2010,1,1.614546992,"IMD GRID MODEL"
"Uttar Pradesh","Mirzapur","2010-01-18",2010,1,1.614546992,"IMD GRID MODEL"
"Uttar Pradesh","Mirzapur","2010-01-18",2010,1,1.614546992,"IMD GRID MODEL"
"Uttar Pradesh","Mirzapur","2010-01-18",2010,1,1.614546992,"IMD GRID MODEL"
"Uttar Pradesh","Mirzapur","2010-01-18",2010,1,1.614546992,"IMD GRID MODEL"
"Uttar Pradesh","Mirzapur","2010-01-18",2010,1,1.614546992,"IMD GRID MODEL"
"Uttar Pradesh","Mirzapur","2010-01-18",2010,1,1.614546992,"IMD GRID MODEL"
"Uttar Pradesh","Mirzapur","2010-01-18",2010,1,1.614546992,"IMD GRID MODEL"
"Uttar Pradesh","Mirzapur","2010-01-18",2010,1,1.614546992,"IMD GRID MODEL"
"Uttar Pradesh","Mirzapur","2010-01-18",2010,1,1.614546992,"IMD GRID MODEL"
"Uttar Pradesh","Mirzapur","2010-01-18",2010,1,1.614546992,"IMD GRID MODEL"
"Uttar Pradesh","Mirzapur","2010-01-18",2010,1,1.614546992,"IMD GRID MODEL"
"Uttar Pradesh","Mirzapur","2010-01-18",2010,1,1.614546992,"IMD GRID MODEL"
"Uttar Pradesh","Mirzapur","2010-01-19",2010,1,0.0,"IMD GRID MODEL"
"Uttar Pradesh","Mirzapur","2010-01-19",2010,1,0.0,"IMD GRID MODEL"
"Uttar Pradesh","Mirzapur","2010-01-19",2010,1,0.0,"IMD GRID MODEL"
"Uttar Pradesh","Mirzapur","2010-01-19",2010,1,0.0,"IMD GRID MODEL"
"Uttar Pradesh","Mirzapur","2010-01-19",2010,1,0.0,"IMD GRID MODEL"
"Uttar Pradesh","Mirzapur","2010-01-19",2010,1,0.0,"IMD GRID MODEL"
"Uttar Pradesh","Mirzapur","2010-01-19",2010,1,0.0,"IMD GRID MODEL"
"Uttar Pradesh","Mirzapur","2010-01-19",2010,1,0.0,"IMD GRID MODEL"
"Uttar Pradesh","Mirzapur","2010-01-19",2010,1,0.0,"IMD GRID MODEL"
"Uttar Pradesh","Mirzapur","2010-01-19",2010,1,0.0,"IMD GRID MODEL"
"Uttar Pradesh","Mirzapur","2010-01-19",2010,1,0.0,"IMD GRID MODEL"
"Uttar Pradesh","Mirzapur","2010-01-19",2010,1,0.0,"IMD GRID MODEL"
"Uttar Pradesh","Mirzapur","2010-01-19",2010,1,0.0,"IMD GRID MODEL"
"Uttar Pradesh","Mirzapur","2010-01-19",2010,1,0.0,"IMD GRID MODEL"
"Uttar Pradesh","Mirzapur","2010-01-19",2010,1,0.0,"IMD GRID MODEL"
"Uttar Pradesh","Mirzapur","2010-01-19",2010,1,0.0,"IMD GRID MODEL"
"Uttar Pradesh","Mirzapur","2010-01-19",2010,1,0.0,"IMD GRID MODEL"
"Uttar Pradesh","Mirzapur","2010-01-19",2010,1,0.0,"IMD GRID MODEL"
"Uttar Pradesh","Mirzapur","2010-01-20",2010,1,0.0,"IMD GRID MODEL"
"Uttar Pradesh","Mirzapur","2010-01-20",2010,1,0.0,"IMD GRID MODEL"
"Uttar Pradesh","Mirzapur","2010-01-20",2010,1,0.0,"IMD GRID MODEL"
"Uttar Pradesh","Mirzapur","2010-01-20",2010,1,0.0,"IMD GRID MODEL"
"Uttar Pradesh","Mirzapur","2010-01-20",2010,1,0.0,"IMD GRID MODEL"
"Uttar Pradesh","Mirzapur","2010-01-20",2010,1,0.0,"IMD GRID MODEL"
"Uttar Pradesh","Mirzapur","2010-01-20",2010,1,0.0,"IMD GRID MODEL"
"Uttar Pradesh","Mirzapur","2010-01-20",2010,1,0.0,"IMD GRID MODEL"
"Uttar Pradesh","Mirzapur","2010-01-20",2010,1,0.0,"IMD GRID MODEL"
"Uttar Pradesh","Mirzapur","2010-01-20",2010,1,0.0,"IMD GRID MODEL"
"Uttar Pradesh","Mirzapur","2010-01-20",2010,1,0.0,"IMD GRID MODEL"
"Uttar Pradesh","Mirzapur","2010-01-20",2010,1,0.0,"IMD GRID MODEL"
"Uttar Pradesh","Mirzapur","2010-01-20",2010,1,0.0,"IMD GRID MODEL"
"Uttar Pradesh","Mirzapur","2010-01-20",2010,1,0.0,"IMD GRID MODEL"
"Uttar Pradesh","Mirzapur","2010-01-20",2010,1,0.0,"IMD GRID MODEL"
"Uttar Pradesh","Mirzapur","2010-01-20",2010,1,0.0,"IMD GRID MODEL"
"Uttar Pradesh","Mirzapur","2010-01-20",2010,1,0.0,"IMD GRID MODEL"
"Uttar Pradesh","Mirzapur","2010-01-20",2010,1,0.0,"IMD GRID MODEL"
"Uttar Pradesh","Mirzapur","2010-01-21",2010,1,0.0,"IMD GRID MODEL"
"Uttar Pradesh","Mirzapur","2010-01-21",2010,1,0.0,"IMD GRID MODEL"
"Uttar Pradesh","Mirzapur","2010-01-21",2010,1,0.0,"IMD GRID MODEL"
"Uttar Pradesh","Mirzapur","2010-01-21",2010,1,0.0,"IMD GRID MODEL"
"Uttar Pradesh","Mirzapur","2010-01-21",2010,1,0.0,"IMD GRID MODEL"
"Uttar Pradesh","Mirzapur","2010-01-21",2010,1,0.0,"IMD GRID MODEL"
"Uttar Pradesh","Mirzapur","2010-01-21",2010,1,0.0,"IMD GRID MODEL"
"Uttar Pradesh","Mirzapur","2010-01-21",2010,1,0.0,"IMD GRID MODEL"
"Uttar Pradesh","Mirzapur","2010-01-21",2010,1,0.0,"IMD GRID MODEL"
"Uttar Pradesh","Mirzapur","2010-01-21",2010,1,0.0,"IMD GRID MODEL"
"Uttar Pradesh","Mirzapur","2010-01-21",2010,1,0.0,"IMD GRID MODEL"
"Uttar Pradesh","Mirzapur","2010-01-21",2010,1,0.0,"IMD GRID MODEL"
"Uttar Pradesh","Mirzapur","2010-01-21",2010,1,0.0,"IMD GRID MODEL"
"Uttar Pradesh","Mirzapur","2010-01-21",2010,1,0.0,"IMD GRID MODEL"
"Uttar Pradesh","Mirzapur","2010-01-21",2010,1,0.0,"IMD GRID MODEL"
"Uttar Pradesh","Mirzapur","2010-01-21",2010,1,0.0,"IMD GRID MODEL"
"Uttar Pradesh","Mirzapur","2010-01-21",2010,1,0.0,"IMD GRID MODEL"
"Uttar Pradesh","Mirzapur","2010-01-21",2010,1,0.0,"IMD GRID MODEL"
"Uttar Pradesh","Mirzapur","2010-01-22",2010,1,0.0,"IMD GRID MODEL"
"Uttar Pradesh","Mirzapur","2010-01-22",2010,1,0.0,"IMD GRID MODEL"
"Uttar Pradesh","Mirzapur","2010-01-22",2010,1,0.0,"IMD GRID MODEL"
"Uttar Pradesh","Mirzapur","2010-01-22",2010,1,0.0,"IMD GRID MODEL"
"Uttar Pradesh","Mirzapur","2010-01-22",2010,1,0.0,"IMD GRID MODEL"
"Uttar Pradesh","Mirzapur","2010-01-22",2010,1,0.0,"IMD GRID MODEL"
"Uttar Pradesh","Mirzapur","2010-01-22",2010,1,0.0,"IMD GRID MODEL"
"Uttar Pradesh","Mirzapur","2010-01-22",2010,1,0.0,"IMD GRID MODEL"
"Uttar Pradesh","Mirzapur","2010-01-22",2010,1,0.0,"IMD GRID MODEL"
"Uttar Pradesh","Mirzapur","2010-01-22",2010,1,0.0,"IMD GRID MODEL"
"Uttar Pradesh","Mirzapur","2010-01-22",2010,1,0.0,"IMD GRID MODEL"
"Uttar Pradesh","Mirzapur","2010-01-22",2010,1,0.0,"IMD GRID MODEL"
"Uttar Pradesh","Mirzapur","2010-01-22",2010,1,0.0,"IMD GRID MODEL"
"Uttar Pradesh","Mirzapur","2010-01-22",2010,1,0.0,"IMD GRID MODEL"
"Uttar Pradesh","Mirzapur","2010-01-22",2010,1,0.0,"IMD GRID MODEL"
"Uttar Pradesh","Mirzapur","2010-01-22",2010,1,0.0,"IMD GRID MODEL"
"Uttar Pradesh","Mirzapur","2010-01-22",2010,1,0.0,"IMD GRID MODEL"
"Uttar Pradesh","Mirzapur","2010-01-22",2010,1,0.0,"IMD GRID MODEL"
"Uttar Pradesh","Mirzapur","2010-01-23",2010,1,0.0,"IMD GRID MODEL"
"Uttar Pradesh","Mirzapur","2010-01-23",2010,1,0.0,"IMD GRID MODEL"
"Uttar Pradesh","Mirzapur","2010-01-23",2010,1,0.0,"IMD GRID MODEL"
"Uttar Pradesh","Mirzapur","2010-01-23",2010,1,0.0,"IMD GRID MODEL"
"Uttar Pradesh","Mirzapur","2010-01-23",2010,1,0.0,"IMD GRID MODEL"
"Uttar Pradesh","Mirzapur","2010-01-23",2010,1,0.0,"IMD GRID MODEL"
"Uttar Pradesh","Mirzapur","2010-01-23",2010,1,0.0,"IMD GRID MODEL"
"Uttar Pradesh","Mirzapur","2010-01-23",2010,1,0.0,"IMD GRID MODEL"
"Uttar Pradesh","Mirzapur","2010-01-23",2010,1,0.0,"IMD GRID MODEL"
"Uttar Pradesh","Mirzapur","2010-01-23",2010,1,0.0,"IMD GRID MODEL"
"Uttar Pradesh","Mirzapur","2010-01-23",2010,1,0.0,"IMD GRID MODEL"
"Uttar Pradesh","Mirzapur","2010-01-23",2010,1,0.0,"IMD GRID MODEL"
"Uttar Pradesh","Mirzapur","2010-01-23",2010,1,0.0,"IMD GRID MODEL"
"Uttar Pradesh","Mirzapur","2010-01-23",2010,1,0.0,"IMD GRID MODEL"
"Uttar Pradesh","Mirzapur","2010-01-23",2010,1,0.0,"IMD GRID MODEL"
"Uttar Pradesh","Mirzapur","2010-01-23",2010,1,0.0,"IMD GRID MODEL"
"Uttar Pradesh","Mirzapur","2010-01-23",2010,1,0.0,"IMD GRID MODEL"
"Uttar Pradesh","Mirzapur","2010-01-23",2010,1,0.0,"IMD GRID MODEL"
"Uttar Pradesh","Mirzapur","2010-01-24",2010,1,0.0,"IMD GRID MODEL"
"Uttar Pradesh","Mirzapur","2010-01-24",2010,1,0.0,"IMD GRID MODEL"
"Uttar Pradesh","Mirzapur","2010-01-24",2010,1,0.0,"IMD GRID MODEL"
"Uttar Pradesh","Mirzapur","2010-01-24",2010,1,0.0,"IMD GRID MODEL"
"Uttar Pradesh","Mirzapur","2010-01-24",2010,1,0.0,"IMD GRID MODEL"
"Uttar Pradesh","Mirzapur","2010-01-24",2010,1,0.0,"IMD GRID MODEL"
"Uttar Pradesh","Mirzapur","2010-01-24",2010,1,0.0,"IMD GRID MODEL"
"Uttar Pradesh","Mirzapur","2010-01-24",2010,1,0.0,"IMD GRID MODEL"
"Uttar Pradesh","Mirzapur","2010-01-24",2010,1,0.0,"IMD GRID MODEL"
"Uttar Pradesh","Mirzapur","2010-01-24",2010,1,0.0,"IMD GRID MODEL"
"Uttar Pradesh","Mirzapur","2010-01-24",2010,1,0.0,"IMD GRID MODEL"
"Uttar Pradesh","Mirzapur","2010-01-24",2010,1,0.0,"IMD GRID MODEL"
"Uttar Pradesh","Mirzapur","2010-01-24",2010,1,0.0,"IMD GRID MODEL"
"Uttar Pradesh","Mirzapur","2010-01-24",2010,1,0.0,"IMD GRID MODEL"
"Uttar Pradesh","Mirzapur","2010-01-24",2010,1,0.0,"IMD GRID MODEL"
"Uttar Pradesh","Mirzapur","2010-01-24",2010,1,0.0,"IMD GRID MODEL"
"Uttar Pradesh","Mirzapur","2010-01-24",2010,1,0.0,"IMD GRID MODEL"
"Uttar Pradesh","Mirzapur","2010-01-24",2010,1,0.0,"IMD GRID MODEL"
"Uttar Pradesh","Mirzapur","2010-01-25",2010,1,0.0,"IMD GRID MODEL"
"Uttar Pradesh","Mirzapur","2010-01-25",2010,1,0.0,"IMD GRID MODEL"
"Uttar Pradesh","Mirzapur","2010-01-25",2010,1,0.0,"IMD GRID MODEL"
"Uttar Pradesh","Mirzapur","2010-01-25",2010,1,0.0,"IMD GRID MODEL"
"Uttar Pradesh","Mirzapur","2010-01-25",2010,1,0.0,"IMD GRID MODEL"
"Uttar Pradesh","Mirzapur","2010-01-25",2010,1,0.0,"IMD GRID MODEL"
"Uttar Pradesh","Mirzapur","2010-01-25",2010,1,0.0,"IMD GRID MODEL"
"Uttar Pradesh","Mirzapur","2010-01-25",2010,1,0.0,"IMD GRID MODEL"
"Uttar Pradesh","Mirzapur","2010-01-25",2010,1,0.0,"IMD GRID MODEL"
"Uttar Pradesh","Mirzapur","2010-01-25",2010,1,0.0,"IMD GRID MODEL"
"Uttar Pradesh","Mirzapur","2010-01-25",2010,1,0.0,"IMD GRID MODEL"
"Uttar Pradesh","Mirzapur","2010-01-25",2010,1,0.0,"IMD GRID MODEL"
"Uttar Pradesh","Mirzapur","2010-01-25",2010,1,0.0,"IMD GRID MODEL"
"Uttar Pradesh","Mirzapur","2010-01-25",2010,1,0.0,"IMD GRID MODEL"
"Uttar Pradesh","Mirzapur","2010-01-25",2010,1,0.0,"IMD GRID MODEL"
"Uttar Pradesh","Mirzapur","2010-01-25",2010,1,0.0,"IMD GRID MODEL"
"Uttar Pradesh","Mirzapur","2010-01-25",2010,1,0.0,"IMD GRID MODEL"
"Uttar Pradesh","Mirzapur","2010-01-25",2010,1,0.0,"IMD GRID MODEL"
"Uttar Pradesh","Mirzapur","2010-01-26",2010,1,0.0,"IMD GRID MODEL"
"Uttar Pradesh","Mirzapur","2010-01-26",2010,1,0.0,"IMD GRID MODEL"
"Uttar Pradesh","Mirzapur","2010-01-26",2010,1,0.0,"IMD GRID MODEL"
"Uttar Pradesh","Mirzapur","2010-01-26",2010,1,0.0,"IMD GRID MODEL"
"Uttar Pradesh","Mirzapur","2010-01-26",2010,1,0.0,"IMD GRID MODEL"
"Uttar Pradesh","Mirzapur","2010-01-26",2010,1,0.0,"IMD GRID MODEL"
"Uttar Pradesh","Mirzapur","2010-01-26",2010,1,0.0,"IMD GRID MODEL"
"Uttar Pradesh","Mirzapur","2010-01-26",2010,1,0.0,"IMD GRID MODEL"
"Uttar Pradesh","Mirzapur","2010-01-26",2010,1,0.0,"IMD GRID MODEL"
"Uttar Pradesh","Mirzapur","2010-01-26",2010,1,0.0,"IMD GRID MODEL"
"Uttar Pradesh","Mirzapur","2010-01-26",2010,1,0.0,"IMD GRID MODEL"
"Uttar Pradesh","Mirzapur","2010-01-26",2010,1,0.0,"IMD GRID MODEL"
"Uttar Pradesh","Mirzapur","2010-01-26",2010,1,0.0,"IMD GRID MODEL"
"Uttar Pradesh","Mirzapur","2010-01-26",2010,1,0.0,"IMD GRID MODEL"
"Uttar Pradesh","Mirzapur","2010-01-26",2010,1,0.0,"IMD GRID MODEL"
"Uttar Pradesh","Mirzapur","2010-01-26",2010,1,0.0,"IMD GRID MODEL"
"Uttar Pradesh","Mirzapur","2010-01-26",2010,1,0.0,"IMD GRID MODEL"
"Uttar Pradesh","Mirzapur","2010-01-26",2010,1,0.0,"IMD GRID MODEL"
"Uttar Pradesh","Mirzapur","2010-01-27",2010,1,0.0,"IMD GRID MODEL"
"Uttar Pradesh","Mirzapur","2010-01-27",2010,1,0.0,"IMD GRID MODEL"
"Uttar Pradesh","Mirzapur","2010-01-27",2010,1,0.0,"IMD GRID MODEL"
"Uttar Pradesh","Mirzapur","2010-01-27",2010,1,0.0,"IMD GRID MODEL"
"Uttar Pradesh","Mirzapur","2010-01-27",2010,1,0.0,"IMD GRID MODEL"
"Uttar Pradesh","Mirzapur","2010-01-27",2010,1,0.0,"IMD GRID MODEL"
"Uttar Pradesh","Mirzapur","2010-01-27",2010,1,0.0,"IMD GRID MODEL"
"Uttar Pradesh","Mirzapur","2010-01-27",2010,1,0.0,"IMD GRID MODEL"
"Uttar Pradesh","Mirzapur","2010-01-27",2010,1,0.0,"IMD GRID MODEL"
"Uttar Pradesh","Mirzapur","2010-01-27",2010,1,0.0,"IMD GRID MODEL"
"Uttar Pradesh","Mirzapur","2010-01-27",2010,1,0.0,"IMD GRID MODEL"
"Uttar Pradesh","Mirzapur","2010-01-27",2010,1,0.0,"IMD GRID MODEL"
"Uttar Pradesh","Mirzapur","2010-01-27",2010,1,0.0,"IMD GRID MODEL"
"Uttar Pradesh","Mirzapur","2010-01-27",2010,1,0.0,"IMD GRID MODEL"
"Uttar Pradesh","Mirzapur","2010-01-27",2010,1,0.0,"IMD GRID MODEL"
"Uttar Pradesh","Mirzapur","2010-01-27",2010,1,0.0,"IMD GRID MODEL"
"Uttar Pradesh","Mirzapur","2010-01-27",2010,1,0.0,"IMD GRID MODEL"
"Uttar Pradesh","Mirzapur","2010-01-27",2010,1,0.0,"IMD GRID MODEL"
"Uttar Pradesh","Mirzapur","2010-01-28",2010,1,0.0,"IMD GRID MODEL"
"Uttar Pradesh","Mirzapur","2010-01-28",2010,1,0.0,"IMD GRID MODEL"
"Uttar Pradesh","Mirzapur","2010-01-28",2010,1,0.0,"IMD GRID MODEL"
"Uttar Pradesh","Mirzapur","2010-01-28",2010,1,0.0,"IMD GRID MODEL"
"Uttar Pradesh","Mirzapur","2010-01-28",2010,1,0.0,"IMD GRID MODEL"
"Uttar Pradesh","Mirzapur","2010-01-28",2010,1,0.0,"IMD GRID MODEL"
"Uttar Pradesh","Mirzapur","2010-01-28",2010,1,0.0,"IMD GRID MODEL"
"Uttar Pradesh","Mirzapur","2010-01-28",2010,1,0.0,"IMD GRID MODEL"
"Uttar Pradesh","Mirzapur","2010-01-28",2010,1,0.0,"IMD GRID MODEL"
"Uttar Pradesh","Mirzapur","2010-01-28",2010,1,0.0,"IMD GRID MODEL"
"Uttar Pradesh","Mirzapur","2010-01-28",2010,1,0.0,"IMD GRID MODEL"
"Uttar Pradesh","Mirzapur","2010-01-28",2010,1,0.0,"IMD GRID MODEL"
"Uttar Pradesh","Mirzapur","2010-01-28",2010,1,0.0,"IMD GRID MODEL"
"Uttar Pradesh","Mirzapur","2010-01-28",2010,1,0.0,"IMD GRID MODEL"
"Uttar Pradesh","Mirzapur","2010-01-28",2010,1,0.0,"IMD GRID MODEL"
"Uttar Pradesh","Mirzapur","2010-01-28",2010,1,0.0,"IMD GRID MODEL"
"Uttar Pradesh","Mirzapur","2010-01-28",2010,1,0.0,"IMD GRID MODEL"
"Uttar Pradesh","Mirzapur","2010-01-28",2010,1,0.0,"IMD GRID MODEL"
"Uttar Pradesh","Mirzapur","2010-01-29",2010,1,0.0,"IMD GRID MODEL"
"Uttar Pradesh","Mirzapur","2010-01-29",2010,1,0.0,"IMD GRID MODEL"
"Uttar Pradesh","Mirzapur","2010-01-29",2010,1,0.0,"IMD GRID MODEL"
"Uttar Pradesh","Mirzapur","2010-01-29",2010,1,0.0,"IMD GRID MODEL"
"Uttar Pradesh","Mirzapur","2010-01-29",2010,1,0.0,"IMD GRID MODEL"
"Uttar Pradesh","Mirzapur","2010-01-29",2010,1,0.0,"IMD GRID MODEL"
"Uttar Pradesh","Mirzapur","2010-01-29",2010,1,0.0,"IMD GRID MODEL"
"Uttar Pradesh","Mirzapur","2010-01-29",2010,1,0.0,"IMD GRID MODEL"
"Uttar Pradesh","Mirzapur","2010-01-29",2010,1,0.0,"IMD GRID MODEL"
"Uttar Pradesh","Mirzapur","2010-01-29",2010,1,0.0,"IMD GRID MODEL"
"Uttar Pradesh","Mirzapur","2010-01-29",2010,1,0.0,"IMD GRID MODEL"
"Uttar Pradesh","Mirzapur","2010-01-29",2010,1,0.0,"IMD GRID MODEL"
"Uttar Pradesh","Mirzapur","2010-01-29",2010,1,0.0,"IMD GRID MODEL"
"Uttar Pradesh","Mirzapur","2010-01-29",2010,1,0.0,"IMD GRID MODEL"
"Uttar Pradesh","Mirzapur","2010-01-29",2010,1,0.0,"IMD GRID MODEL"
"Uttar Pradesh","Mirzapur","2010-01-29",2010,1,0.0,"IMD GRID MODEL"
"Uttar Pradesh","Mirzapur","2010-01-29",2010,1,0.0,"IMD GRID MODEL"
"Uttar Pradesh","Mirzapur","2010-01-29",2010,1,0.0,"IMD GRID MODEL"
"Uttar Pradesh","Mirzapur","2010-01-30",2010,1,0.0,"IMD GRID MODEL"
"Uttar Pradesh","Mirzapur","2010-01-30",2010,1,0.0,"IMD GRID MODEL"
"Uttar Pradesh","Mirzapur","2010-01-30",2010,1,0.0,"IMD GRID MODEL"
"Uttar Pradesh","Mirzapur","2010-01-30",2010,1,0.0,"IMD GRID MODEL"
"Uttar Pradesh","Mirzapur","2010-01-30",2010,1,0.0,"IMD GRID MODEL"
"Uttar Pradesh","Mirzapur","2010-01-30",2010,1,0.0,"IMD GRID MODEL"
"Uttar Pradesh","Mirzapur","2010-01-30",2010,1,0.0,"IMD GRID MODEL"
"Uttar Pradesh","Mirzapur","2010-01-30",2010,1,0.0,"IMD GRID MODEL"
"Uttar Pradesh","Mirzapur","2010-01-30",2010,1,0.0,"IMD GRID MODEL"
"Uttar Pradesh","Mirzapur","2010-01-30",2010,1,0.0,"IMD GRID MODEL"
"Uttar Pradesh","Mirzapur","2010-01-30",2010,1,0.0,"IMD GRID MODEL"
"Uttar Pradesh","Mirzapur","2010-01-30",2010,1,0.0,"IMD GRID MODEL"
"Uttar Pradesh","Mirzapur","2010-01-30",2010,1,0.0,"IMD GRID MODEL"
"Uttar Pradesh","Mirzapur","2010-01-30",2010,1,0.0,"IMD GRID MODEL"
"Uttar Pradesh","Mirzapur","2010-01-30",2010,1,0.0,"IMD GRID MODEL"
"Uttar Pradesh","Mirzapur","2010-01-30",2010,1,0.0,"IMD GRID MODEL"
"Uttar Pradesh","Mirzapur","2010-01-30",2010,1,0.0,"IMD GRID MODEL"
"Uttar Pradesh","Mirzapur","2010-01-30",2010,1,0.0,"IMD GRID MODEL"
"Uttar Pradesh","Mirzapur","2010-01-31",2010,1,0.0,"IMD GRID MODEL"
"Uttar Pradesh","Mirzapur","2010-01-31",2010,1,0.0,"IMD GRID MODEL"
"Uttar Pradesh","Mirzapur","2010-01-31",2010,1,0.0,"IMD GRID MODEL"
"Uttar Pradesh","Mirzapur","2010-01-31",2010,1,0.0,"IMD GRID MODEL"
"Uttar Pradesh","Mirzapur","2010-01-31",2010,1,0.0,"IMD GRID MODEL"
"Uttar Pradesh","Mirzapur","2010-01-31",2010,1,0.0,"IMD GRID MODEL"
"Uttar Pradesh","Mirzapur","2010-01-31",2010,1,0.0,"IMD GRID MODEL"
"Uttar Pradesh","Mirzapur","2010-01-31",2010,1,0.0,"IMD GRID MODEL"
"Uttar Pradesh","Mirzapur","2010-01-31",2010,1,0.0,"IMD GRID MODEL"
"Uttar Pradesh","Mirzapur","2010-01-31",2010,1,0.0,"IMD GRID MODEL"
"Uttar Pradesh","Mirzapur","2010-01-31",2010,1,0.0,"IMD GRID MODEL"
"Uttar Pradesh","Mirzapur","2010-01-31",2010,1,0.0,"IMD GRID MODEL"
"Uttar Pradesh","Mirzapur","2010-01-31",2010,1,0.0,"IMD GRID MODEL"
"Uttar Pradesh","Mirzapur","2010-01-31",2010,1,0.0,"IMD GRID MODEL"
"Uttar Pradesh","Mirzapur","2010-01-31",2010,1,0.0,"IMD GRID MODEL"
"Uttar Pradesh","Mirzapur","2010-01-31",2010,1,0.0,"IMD GRID MODEL"
"Uttar Pradesh","Mirzapur","2010-01-31",2010,1,0.0,"IMD GRID MODEL"
"Uttar Pradesh","Mirzapur","2010-01-31",2010,1,0.0,"IMD GRID MODEL"
"Uttar Pradesh","Mirzapur","2010-07-01",2010,7,0.0,"IMD GRID MODEL"
"Uttar Pradesh","Mirzapur","2010-07-02",2010,7,0.0,"IMD GRID MODEL"
"Uttar Pradesh","Mirzapur","2010-07-03",2010,7,0.0010246577,"IMD GRID MODEL"
"Uttar Pradesh","Mirzapur","2010-07-04",2010,7,0.0,"IMD GRID MODEL"
"Uttar Pradesh","Mirzapur","2010-07-05",2010,7,0.0,"IMD GRID MODEL"
"Uttar Pradesh","Mirzapur","2010-07-06",2010,7,0.6404037265,"IMD GRID MODEL"
"Uttar Pradesh","Mirzapur","2010-07-07",2010,7,0.0321335667,"IMD GRID MODEL"
"Uttar Pradesh","Mirzapur","2010-07-08",2010,7,0.0,"IMD GRID MODEL"
"Uttar Pradesh","Mirzapur","2010-07-09",2010,7,0.0,"IMD GRID MODEL"
"Uttar Pradesh","Mirzapur","2010-07-10",2010,7,0.0,"IMD GRID MODEL"
"Uttar Pradesh","Mirzapur","2010-07-11",2010,7,14.6891467072,"IMD GRID MODEL"
"Uttar Pradesh","Mirzapur","2010-07-12",2010,7,0.0,"IMD GRID MODEL"
"Uttar Pradesh","Mirzapur","2010-07-13",2010,7,0.0,"IMD GRID MODEL"
"Uttar Pradesh","Mirzapur","2010-07-14",2010,7,0.0,"IMD GRID MODEL"
"Uttar Pradesh","Mirzapur","2010-07-15",2010,7,0.0,"IMD GRID MODEL"
"Uttar Pradesh","Mirzapur","2010-07-16",2010,7,0.0,"IMD GRID MODEL"
"Uttar Pradesh","Mirzapur","2010-07-17",2010,7,0.0,"IMD GRID MODEL"
"Uttar Pradesh","Mirzapur","2010-07-18",2010,7,0.0,"IMD GRID MODEL"
"Uttar Pradesh","Mirzapur","2010-07-19",2010,7,0.0,"IMD GRID MODEL"
"Uttar Pradesh","Mirzapur","2010-07-20",2010,7,0.3643008118,"IMD GRID MODEL"
"Uttar Pradesh","Mirzapur","2010-07-21",2010,7,0.0,"IMD GRID MODEL"
"Uttar Pradesh","Mirzapur","2010-07-22",2010,7,0.0,"IMD GRID MODEL"
"Uttar Pradesh","Mirzapur","2010-07-23",2010,7,0.0,"IMD GRID MODEL"
"Uttar Pradesh","Mirzapur","2010-07-24",2010,7,0.9454091802,"IMD GRID MODEL"
"Uttar Pradesh","Mirzapur","2010-07-25",2010,7,0.0,"IMD GRID MODEL"
"Uttar Pradesh","Mirzapur","2010-07-26",2010,7,0.0,"IMD GRID MODEL"
"Uttar Pradesh","Mirzapur","2010-07-27",2010,7,0.0,"IMD GRID MODEL"
"Uttar Pradesh","Mirzapur","2010-07-28",2010,7,0.0,"IMD GRID MODEL"
"Uttar Pradesh","Mirzapur","2010-07-29",2010,7,0.0,"IMD GRID MODEL"
"Uttar Pradesh","Mirzapur","2010-07-30",2010,7,0.0,"IMD GRID MODEL"
"Uttar Pradesh","Mirzapur","2010-07-31",2010,7,0.8998324262,"IMD GRID MODEL"
"Uttar Pradesh","Mirzapur","2010-06-02",2010,6,0.0,"IMD GRID MODEL"
"Uttar Pradesh","Mirzapur","2010-06-03",2010,6,0.0,"IMD GRID MODEL"
"Uttar Pradesh","Mirzapur","2010-06-01",2010,6,0.0,"IMD GRID MODEL"
"Uttar Pradesh","Mirzapur","2010-06-04",2010,6,0.0,"IMD GRID MODEL"
"Uttar Pradesh","Mirzapur","2010-06-05",2010,6,0.0,"IMD GRID MODEL"
"Uttar Pradesh","Mirzapur","2010-06-06",2010,6,0.0,"IMD GRID MODEL"
"Uttar Pradesh","Mirzapur","2010-06-07",2010,6,0.0,"IMD GRID MODEL"
"Uttar Pradesh","Mirzapur","2010-06-08",2010,6,0.0,"IMD GRID MODEL"
"Uttar Pradesh","Mirzapur","2010-06-09",2010,6,0.0,"IMD GRID MODEL"
"Uttar Pradesh","Mirzapur","2010-06-10",2010,6,0.0,"IMD GRID MODEL"
"Uttar Pradesh","Mirzapur","2010-06-11",2010,6,0.0,"IMD GRID MODEL"
"Uttar Pradesh","Mirzapur","2010-06-12",2010,6,0.0,"IMD GRID MODEL"
"Uttar Pradesh","Mirzapur","2010-06-13",2010,6,0.0,"IMD GRID MODEL"
"Uttar Pradesh","Mirzapur","2010-06-14",2010,6,0.0,"IMD GRID MODEL"
"Uttar Pradesh","Mirzapur","2010-06-15",2010,6,0.0,"IMD GRID MODEL"
"Uttar Pradesh","Mirzapur","2010-06-16",2010,6,0.0,"IMD GRID MODEL"
"Uttar Pradesh","Mirzapur","2010-06-17",2010,6,0.0,"IMD GRID MODEL"
"Uttar Pradesh","Mirzapur","2010-06-18",2010,6,0.0,"IMD GRID MODEL"
"Uttar Pradesh","Mirzapur","2010-06-19",2010,6,0.0,"IMD GRID MODEL"
"Uttar Pradesh","Mirzapur","2010-06-20",2010,6,0.0,"IMD GRID MODEL"
"Uttar Pradesh","Mirzapur","2010-06-21",2010,6,0.0,"IMD GRID MODEL"
"Uttar Pradesh","Mirzapur","2010-06-22",2010,6,0.0,"IMD GRID MODEL"
"Uttar Pradesh","Mirzapur","2010-06-23",2010,6,0.0,"IMD GRID MODEL"
"Uttar Pradesh","Mirzapur","2010-06-24",2010,6,0.0,"IMD GRID MODEL"
"Uttar Pradesh","Mirzapur","2010-06-25",2010,6,0.0,"IMD GRID MODEL"
"Uttar Pradesh","Mirzapur","2010-06-26",2010,6,0.0,"IMD GRID MODEL"
"Uttar Pradesh","Mirzapur","2010-06-27",2010,6,0.0,"IMD GRID MODEL"
"Uttar Pradesh","Mirzapur","2010-06-28",2010,6,0.0,"IMD GRID MODEL"
"Uttar Pradesh","Mirzapur","2010-06-29",2010,6,0.0,"IMD GRID MODEL"
"Uttar Pradesh","Mirzapur","2010-06-30",2010,6,0.0,"IMD GRID MODEL"
"Uttar Pradesh","Mirzapur","2010-03-01",2010,3,0.0,"IMD GRID MODEL"
"Uttar Pradesh","Mirzapur","2010-03-01",2010,3,0.0,"IMD GRID MODEL"
"Uttar Pradesh","Mirzapur","2010-03-01",2010,3,0.0,"IMD GRID MODEL"
"Uttar Pradesh","Mirzapur","2010-03-01",2010,3,0.0,"IMD GRID MODEL"
"Uttar Pradesh","Mirzapur","2010-03-01",2010,3,0.0,"IMD GRID MODEL"
"Uttar Pradesh","Mirzapur","2010-03-01",2010,3,0.0,"IMD GRID MODEL"
"Uttar Pradesh","Mirzapur","2010-03-01",2010,3,0.0,"IMD GRID MODEL"
"Uttar Pradesh","Mirzapur","2010-03-01",2010,3,0.0,"IMD GRID MODEL"
"Uttar Pradesh","Mirzapur","2010-03-01",2010,3,0.0,"IMD GRID MODEL"
"Uttar Pradesh","Mirzapur","2010-03-01",2010,3,0.0,"IMD GRID MODEL"
"Uttar Pradesh","Mirzapur","2010-03-01",2010,3,0.0,"IMD GRID MODEL"
"Uttar Pradesh","Mirzapur","2010-03-01",2010,3,0.0,"IMD GRID MODEL"
"Uttar Pradesh","Mirzapur","2010-03-01",2010,3,0.0,"IMD GRID MODEL"
"Uttar Pradesh","Mirzapur","2010-03-01",2010,3,0.0,"IMD GRID MODEL"
"Uttar Pradesh","Mirzapur","2010-03-01",2010,3,0.0,"IMD GRID MODEL"
"Uttar Pradesh","Mirzapur","2010-03-01",2010,3,0.0,"IMD GRID MODEL"
"Uttar Pradesh","Mirzapur","2010-03-01",2010,3,0.0,"IMD GRID MODEL"
"Uttar Pradesh","Mirzapur","2010-03-01",2010,3,0.0,"IMD GRID MODEL"
"Uttar Pradesh","Mirzapur","2010-03-02",2010,3,0.0,"IMD GRID MODEL"
"Uttar Pradesh","Mirzapur","2010-03-02",2010,3,0.0,"IMD GRID MODEL"
"Uttar Pradesh","Mirzapur","2010-03-02",2010,3,0.0,"IMD GRID MODEL"
"Uttar Pradesh","Mirzapur","2010-03-02",2010,3,0.0,"IMD GRID MODEL"
"Uttar Pradesh","Mirzapur","2010-03-02",2010,3,0.0,"IMD GRID MODEL"
"Uttar Pradesh","Mirzapur","2010-03-02",2010,3,0.0,"IMD GRID MODEL"
"Uttar Pradesh","Mirzapur","2010-03-02",2010,3,0.0,"IMD GRID MODEL"
"Uttar Pradesh","Mirzapur","2010-03-02",2010,3,0.0,"IMD GRID MODEL"
"Uttar Pradesh","Mirzapur","2010-03-02",2010,3,0.0,"IMD GRID MODEL"
"Uttar Pradesh","Mirzapur","2010-03-02",2010,3,0.0,"IMD GRID MODEL"
"Uttar Pradesh","Mirzapur","2010-03-02",2010,3,0.0,"IMD GRID MODEL"
"Uttar Pradesh","Mirzapur","2010-03-02",2010,3,0.0,"IMD GRID MODEL"
"Uttar Pradesh","Mirzapur","2010-03-02",2010,3,0.0,"IMD GRID MODEL"
"Uttar Pradesh","Mirzapur","2010-03-02",2010,3,0.0,"IMD GRID MODEL"
"Uttar Pradesh","Mirzapur","2010-03-02",2010,3,0.0,"IMD GRID MODEL"
"Uttar Pradesh","Mirzapur","2010-03-02",2010,3,0.0,"IMD GRID MODEL"
"Uttar Pradesh","Mirzapur","2010-03-02",2010,3,0.0,"IMD GRID MODEL"
"Uttar Pradesh","Mirzapur","2010-03-02",2010,3,0.0,"IMD GRID MODEL"
"Uttar Pradesh","Mirzapur","2010-03-03",2010,3,0.0,"IMD GRID MODEL"
"Uttar Pradesh","Mirzapur","2010-03-03",2010,3,0.0,"IMD GRID MODEL"
"Uttar Pradesh","Mirzapur","2010-03-03",2010,3,0.0,"IMD GRID MODEL"
"Uttar Pradesh","Mirzapur","2010-03-03",2010,3,0.0,"IMD GRID MODEL"
"Uttar Pradesh","Mirzapur","2010-03-03",2010,3,0.0,"IMD GRID MODEL"
"Uttar Pradesh","Mirzapur","2010-03-03",2010,3,0.0,"IMD GRID MODEL"
"Uttar Pradesh","Mirzapur","2010-03-03",2010,3,0.0,"IMD GRID MODEL"
"Uttar Pradesh","Mirzapur","2010-03-03",2010,3,0.0,"IMD GRID MODEL"
"Uttar Pradesh","Mirzapur","2010-03-03",2010,3,0.0,"IMD GRID MODEL"
"Uttar Pradesh","Mirzapur","2010-03-03",2010,3,0.0,"IMD GRID MODEL"
"Uttar Pradesh","Mirzapur","2010-03-03",2010,3,0.0,"IMD GRID MODEL"
"Uttar Pradesh","Mirzapur","2010-03-03",2010,3,0.0,"IMD GRID MODEL"
"Uttar Pradesh","Mirzapur","2010-03-03",2010,3,0.0,"IMD GRID MODEL"
"Uttar Pradesh","Mirzapur","2010-03-03",2010,3,0.0,"IMD GRID MODEL"
"Uttar Pradesh","Mirzapur","2010-03-03",2010,3,0.0,"IMD GRID MODEL"
"Uttar Pradesh","Mirzapur","2010-03-03",2010,3,0.0,"IMD GRID MODEL"
"Uttar Pradesh","Mirzapur","2010-03-03",2010,3,0.0,"IMD GRID MODEL"
"Uttar Pradesh","Mirzapur","2010-03-03",2010,3,0.0,"IMD GRID MODEL"
"Uttar Pradesh","Mirzapur","2010-03-04",2010,3,0.0,"IMD GRID MODEL"
"Uttar Pradesh","Mirzapur","2010-03-04",2010,3,0.0,"IMD GRID MODEL"
"Uttar Pradesh","Mirzapur","2010-03-04",2010,3,0.0,"IMD GRID MODEL"
"Uttar Pradesh","Mirzapur","2010-03-04",2010,3,0.0,"IMD GRID MODEL"
"Uttar Pradesh","Mirzapur","2010-03-04",2010,3,0.0,"IMD GRID MODEL"
"Uttar Pradesh","Mirzapur","2010-03-04",2010,3,0.0,"IMD GRID MODEL"
"Uttar Pradesh","Mirzapur","2010-03-04",2010,3,0.0,"IMD GRID MODEL"
"Uttar Pradesh","Mirzapur","2010-03-04",2010,3,0.0,"IMD GRID MODEL"
"Uttar Pradesh","Mirzapur","2010-03-04",2010,3,0.0,"IMD GRID MODEL"
"Uttar Pradesh","Mirzapur","2010-03-04",2010,3,0.0,"IMD GRID MODEL"
"Uttar Pradesh","Mirzapur","2010-03-04",2010,3,0.0,"IMD GRID MODEL"
"Uttar Pradesh","Mirzapur","2010-03-04",2010,3,0.0,"IMD GRID MODEL"
"Uttar Pradesh","Mirzapur","2010-03-04",2010,3,0.0,"IMD GRID MODEL"
"Uttar Pradesh","Mirzapur","2010-03-04",2010,3,0.0,"IMD GRID MODEL"
"Uttar Pradesh","Mirzapur","2010-03-04",2010,3,0.0,"IMD GRID MODEL"
"Uttar Pradesh","Mirzapur","2010-03-04",2010,3,0.0,"IMD GRID MODEL"
"Uttar Pradesh","Mirzapur","2010-03-04",2010,3,0.0,"IMD GRID MODEL"
"Uttar Pradesh","Mirzapur","2010-03-04",2010,3,0.0,"IMD GRID MODEL"
"Uttar Pradesh","Mirzapur","2010-03-05",2010,3,0.0,"IMD GRID MODEL"
"Uttar Pradesh","Mirzapur","2010-03-05",2010,3,0.0,"IMD GRID MODEL"
"Uttar Pradesh","Mirzapur","2010-03-05",2010,3,0.0,"IMD GRID MODEL"
"Uttar Pradesh","Mirzapur","2010-03-05",2010,3,0.0,"IMD GRID MODEL"
"Uttar Pradesh","Mirzapur","2010-03-05",2010,3,0.0,"IMD GRID MODEL"
"Uttar Pradesh","Mirzapur","2010-03-05",2010,3,0.0,"IMD GRID MODEL"
"Uttar Pradesh","Mirzapur","2010-03-05",2010,3,0.0,"IMD GRID MODEL"
"Uttar Pradesh","Mirzapur","2010-03-05",2010,3,0.0,"IMD GRID MODEL"
"Uttar Pradesh","Mirzapur","2010-03-05",2010,3,0.0,"IMD GRID MODEL"
"Uttar Pradesh","Mirzapur","2010-03-05",2010,3,0.0,"IMD GRID MODEL"
"Uttar Pradesh","Mirzapur","2010-03-05",2010,3,0.0,"IMD GRID MODEL"
"Uttar Pradesh","Mirzapur","2010-03-05",2010,3,0.0,"IMD GRID MODEL"
"Uttar Pradesh","Mirzapur","2010-03-05",2010,3,0.0,"IMD GRID MODEL"
"Uttar Pradesh","Mirzapur","2010-03-05",2010,3,0.0,"IMD GRID MODEL"
"Uttar Pradesh","Mirzapur","2010-03-05",2010,3,0.0,"IMD GRID MODEL"
"Uttar Pradesh","Mirzapur","2010-03-05",2010,3,0.0,"IMD GRID MODEL"
"Uttar Pradesh","Mirzapur","2010-03-05",2010,3,0.0,"IMD GRID MODEL"
"Uttar Pradesh","Mirzapur","2010-03-05",2010,3,0.0,"IMD GRID MODEL"
"Uttar Pradesh","Mirzapur","2010-03-06",2010,3,0.0,"IMD GRID MODEL"
"Uttar Pradesh","Mirzapur","2010-03-06",2010,3,0.0,"IMD GRID MODEL"
"Uttar Pradesh","Mirzapur","2010-03-06",2010,3,0.0,"IMD GRID MODEL"
"Uttar Pradesh","Mirzapur","2010-03-06",2010,3,0.0,"IMD GRID MODEL"
"Uttar Pradesh","Mirzapur","2010-03-06",2010,3,0.0,"IMD GRID MODEL"
"Uttar Pradesh","Mirzapur","2010-03-06",2010,3,0.0,"IMD GRID MODEL"
"Uttar Pradesh","Mirzapur","2010-03-06",2010,3,0.0,"IMD GRID MODEL"
"Uttar Pradesh","Mirzapur","2010-03-06",2010,3,0.0,"IMD GRID MODEL"
"Uttar Pradesh","Mirzapur","2010-03-06",2010,3,0.0,"IMD GRID MODEL"
"Uttar Pradesh","Mirzapur","2010-03-06",2010,3,0.0,"IMD GRID MODEL"
"Uttar Pradesh","Mirzapur","2010-03-06",2010,3,0.0,"IMD GRID MODEL"
"Uttar Pradesh","Mirzapur","2010-03-06",2010,3,0.0,"IMD GRID MODEL"
"Uttar Pradesh","Mirzapur","2010-03-06",2010,3,0.0,"IMD GRID MODEL"
"Uttar Pradesh","Mirzapur","2010-03-06",2010,3,0.0,"IMD GRID MODEL"
"Uttar Pradesh","Mirzapur","2010-03-06",2010,3,0.0,"IMD GRID MODEL"
"Uttar Pradesh","Mirzapur","2010-03-06",2010,3,0.0,"IMD GRID MODEL"
"Uttar Pradesh","Mirzapur","2010-03-06",2010,3,0.0,"IMD GRID MODEL"
"Uttar Pradesh","Mirzapur","2010-03-06",2010,3,0.0,"IMD GRID MODEL"
"Uttar Pradesh","Mirzapur","2010-03-07",2010,3,0.0,"IMD GRID MODEL"
"Uttar Pradesh","Mirzapur","2010-03-08",2010,3,0.0,"IMD GRID MODEL"
"Uttar Pradesh","Mirzapur","2010-03-09",2010,3,0.0,"IMD GRID MODEL"
"Uttar Pradesh","Mirzapur","2010-03-10",2010,3,0.0,"IMD GRID MODEL"
"Uttar Pradesh","Mirzapur","2010-03-11",2010,3,0.0,"IMD GRID MODEL"
"Uttar Pradesh","Mirzapur","2010-03-12",2010,3,0.0,"IMD GRID MODEL"
"Uttar Pradesh","Mirzapur","2010-03-13",2010,3,0.0,"IMD GRID MODEL"
"Uttar Pradesh","Mirzapur","2010-03-14",2010,3,0.0,"IMD GRID MODEL"
"Uttar Pradesh","Mirzapur","2010-03-15",2010,3,0.0,"IMD GRID MODEL"
"Uttar Pradesh","Mirzapur","2010-03-16",2010,3,0.0,"IMD GRID MODEL"
"Uttar Pradesh","Mirzapur","2010-03-17",2010,3,0.0,"IMD GRID MODEL"
"Uttar Pradesh","Mirzapur","2010-03-18",2010,3,0.0,"IMD GRID MODEL"
"Uttar Pradesh","Mirzapur","2010-03-19",2010,3,0.7765985816,"IMD GRID MODEL"
"Uttar Pradesh","Mirzapur","2010-03-20",2010,3,1.6145469919,"IMD GRID MODEL"
"Uttar Pradesh","Mirzapur","2010-03-21",2010,3,0.0,"IMD GRID MODEL"
"Uttar Pradesh","Mirzapur","2010-03-22",2010,3,0.0,"IMD GRID MODEL"
"Uttar Pradesh","Mirzapur","2010-03-23",2010,3,0.0,"IMD GRID MODEL"
"Uttar Pradesh","Mirzapur","2010-03-24",2010,3,0.0,"IMD GRID MODEL"
"Uttar Pradesh","Mirzapur","2010-03-25",2010,3,0.0,"IMD GRID MODEL"
"Uttar Pradesh","Mirzapur","2010-03-26",2010,3,0.0,"IMD GRID MODEL"
"Uttar Pradesh","Mirzapur","2010-03-27",2010,3,0.0,"IMD GRID MODEL"
"Uttar Pradesh","Mirzapur","2010-03-28",2010,3,0.0,"IMD GRID MODEL"
"Uttar Pradesh","Mirzapur","2010-03-29",2010,3,0.0,"IMD GRID MODEL"
"Uttar Pradesh","Mirzapur","2010-03-30",2010,3,0.0,"IMD GRID MODEL"
"Uttar Pradesh","Mirzapur","2010-03-31",2010,3,0.0,"IMD GRID MODEL"
"Uttar Pradesh","Mirzapur","2010-05-01",2010,5,0.0,"IMD GRID MODEL"
"Uttar Pradesh","Mirzapur","2010-05-02",2010,5,0.0,"IMD GRID MODEL"
"Uttar Pradesh","Mirzapur","2010-05-03",2010,5,0.0,"IMD GRID MODEL"
"Uttar Pradesh","Mirzapur","2010-05-04",2010,5,0.0,"IMD GRID MODEL"
"Uttar Pradesh","Mirzapur","2010-05-05",2010,5,0.0,"IMD GRID MODEL"
"Uttar Pradesh","Mirzapur","2010-05-06",2010,5,0.0,"IMD GRID MODEL"
"Uttar Pradesh","Mirzapur","2010-05-07",2010,5,0.0,"IMD GRID MODEL"
"Uttar Pradesh","Mirzapur","2010-05-08",2010,5,0.0,"IMD GRID MODEL"
"Uttar Pradesh","Mirzapur","2010-05-09",2010,5,0.0,"IMD GRID MODEL"
"Uttar Pradesh","Mirzapur","2010-05-10",2010,5,0.0,"IMD GRID MODEL"
"Uttar Pradesh","Mirzapur","2010-05-11",2010,5,0.0,"IMD GRID MODEL"
"Uttar Pradesh","Mirzapur","2010-05-12",2010,5,0.0,"IMD GRID MODEL"
"Uttar Pradesh","Mirzapur","2010-05-13",2010,5,0.0,"IMD GRID MODEL"
"Uttar Pradesh","Mirzapur","2010-05-14",2010,5,0.0,"IMD GRID MODEL"
"Uttar Pradesh","Mirzapur","2010-05-15",2010,5,0.0,"IMD GRID MODEL"
"Uttar Pradesh","Mirzapur","2010-05-16",2010,5,0.0,"IMD GRID MODEL"
"Uttar Pradesh","Mirzapur","2010-05-17",2010,5,0.0,"IMD GRID MODEL"
"Uttar Pradesh","Mirzapur","2010-05-18",2010,5,0.0,"IMD GRID MODEL"
"Uttar Pradesh","Mirzapur","2010-05-19",2010,5,0.0,"IMD GRID MODEL"
"Uttar Pradesh","Mirzapur","2010-05-20",2010,5,0.0,"IMD GRID MODEL"
"Uttar Pradesh","Mirzapur","2010-05-21",2010,5,0.0,"IMD GRID MODEL"
"Uttar Pradesh","Mirzapur","2010-05-22",2010,5,0.0,"IMD GRID MODEL"
"Uttar Pradesh","Mirzapur","2010-05-23",2010,5,0.0,"IMD GRID MODEL"
"Uttar Pradesh","Mirzapur","2010-05-24",2010,5,0.0,"IMD GRID MODEL"
"Uttar Pradesh","Mirzapur","2010-05-25",2010,5,0.0,"IMD GRID MODEL"
"Uttar Pradesh","Mirzapur","2010-05-26",2010,5,0.0,"IMD GRID MODEL"
"Uttar Pradesh","Mirzapur","2010-05-27",2010,5,0.0,"IMD GRID MODEL"
"Uttar Pradesh","Mirzapur","2010-05-28",2010,5,0.0,"IMD GRID MODEL"
"Uttar Pradesh","Mirzapur","2010-05-29",2010,5,0.0,"IMD GRID MODEL"
"Uttar Pradesh","Mirzapur","2010-05-30",2010,5,0.0,"IMD GRID MODEL"
"Uttar Pradesh","Mirzapur","2010-05-31",2010,5,0.0,"IMD GRID MODEL"
"Uttar Pradesh","Mirzapur","2010-11-02",2010,11,3.2708450031,"IMD GRID MODEL"
"Uttar Pradesh","Mirzapur","2010-11-03",2010,11,0.4495825163,"IMD GRID MODEL"
"Uttar Pradesh","Mirzapur","2010-11-04",2010,11,0.3925576485,"IMD GRID MODEL"
"Uttar Pradesh","Mirzapur","2010-11-05",2010,11,0.4018179754,"IMD GRID MODEL"
"Uttar Pradesh","Mirzapur","2010-11-01",2010,11,1.5002504117,"IMD GRID MODEL"
"Uttar Pradesh","Mirzapur","2010-11-06",2010,11,0.9411560227,"IMD GRID MODEL"
"Uttar Pradesh","Mirzapur","2010-11-07",2010,11,21.6504754836,"IMD GRID MODEL"
"Uttar Pradesh","Mirzapur","2010-11-08",2010,11,5.700818392,"IMD GRID MODEL"
"Uttar Pradesh","Mirzapur","2010-11-09",2010,11,0.0677443749,"IMD GRID MODEL"
"Uttar Pradesh","Mirzapur","2010-11-10",2010,11,7.3595781109,"IMD GRID MODEL"
"Uttar Pradesh","Mirzapur","2010-11-11",2010,11,0.0309292675,"IMD GRID MODEL"
"Uttar Pradesh","Mirzapur","2010-11-12",2010,11,3.1847959763,"IMD GRID MODEL"
"Uttar Pradesh","Mirzapur","2010-11-13",2010,11,1.5601508688,"IMD GRID MODEL"
"Uttar Pradesh","Mirzapur","2010-11-14",2010,11,1.7331388923,"IMD GRID MODEL"
"Uttar Pradesh","Mirzapur","2010-11-15",2010,11,1.7356569517,"IMD GRID MODEL"
"Uttar Pradesh","Mirzapur","2010-11-16",2010,11,34.9161204877,"IMD GRID MODEL"
"Uttar Pradesh","Mirzapur","2010-11-17",2010,11,0.1583356858,"IMD GRID MODEL"
"Uttar Pradesh","Mirzapur","2010-11-18",2010,11,23.4471070203,"IMD GRID MODEL"
"Uttar Pradesh","Mirzapur","2010-11-19",2010,11,10.13816299,"IMD GRID MODEL"
"Uttar Pradesh","Mirzapur","2010-11-20",2010,11,43.5616870414,"IMD GRID MODEL"
"Uttar Pradesh","Mirzapur","2010-11-21",2010,11,5.4419835255,"IMD GRID MODEL"
"Uttar Pradesh","Mirzapur","2010-11-22",2010,11,16.1341552767,"IMD GRID MODEL"
"Uttar Pradesh","Mirzapur","2010-11-23",2010,11,12.7998910999,"IMD GRID MODEL"
"Uttar Pradesh","Mirzapur","2010-11-24",2010,11,15.0589431433,"IMD GRID MODEL"
"Uttar Pradesh","Mirzapur","2010-11-25",2010,11,24.1715282044,"IMD GRID MODEL"
"Uttar Pradesh","Mirzapur","2010-11-26",2010,11,5.3796972101,"IMD GRID MODEL"
"Uttar Pradesh","Mirzapur","2010-11-27",2010,11,0.0,"IMD GRID MODEL"
"Uttar Pradesh","Mirzapur","2010-11-28",2010,11,0.0,"IMD GRID MODEL"
"Uttar Pradesh","Mirzapur","2010-11-29",2010,11,0.0,"IMD GRID MODEL"
"Uttar Pradesh","Mirzapur","2010-11-30",2010,11,0.0,"IMD GRID MODEL"
"Uttar Pradesh","Mirzapur","2010-10-01",2010,10,3.6473165922,"IMD GRID MODEL"
"Uttar Pradesh","Mirzapur","2010-10-02",2010,10,0.0,"IMD GRID MODEL"
"Uttar Pradesh","Mirzapur","2010-10-03",2010,10,1.6440786154,"IMD GRID MODEL"
"Uttar Pradesh","Mirzapur","2010-10-04",2010,10,3.4261991638,"IMD GRID MODEL"
"Uttar Pradesh","Mirzapur","2010-10-05",2010,10,22.8990054817,"IMD GRID MODEL"
"Uttar Pradesh","Mirzapur","2010-10-06",2010,10,20.8569241635,"IMD GRID MODEL"
"Uttar Pradesh","Mirzapur","2010-10-07",2010,10,15.7628876156,"IMD GRID MODEL"
"Uttar Pradesh","Mirzapur","2010-10-08",2010,10,10.7102470176,"IMD GRID MODEL"
"Uttar Pradesh","Mirzapur","2010-10-09",2010,10,0.0066153627,"IMD GRID MODEL"
"Uttar Pradesh","Mirzapur","2010-10-10",2010,10,2.1514851694,"IMD GRID MODEL"
"Uttar Pradesh","Mirzapur","2010-10-11",2010,10,0.0,"IMD GRID MODEL"
"Uttar Pradesh","Mirzapur","2010-10-12",2010,10,1.756435497,"IMD GRID MODEL"
"Uttar Pradesh","Mirzapur","2010-10-13",2010,10,0.0,"IMD GRID MODEL"
"Uttar Pradesh","Mirzapur","2010-10-14",2010,10,0.0,"IMD GRID MODEL"
"Uttar Pradesh","Mirzapur","2010-10-15",2010,10,8.5090513387,"IMD GRID MODEL"
"Uttar Pradesh","Mirzapur","2010-10-16",2010,10,17.9597639154,"IMD GRID MODEL"
"Uttar Pradesh","Mirzapur","2010-10-17",2010,10,3.2277339698,"IMD GRID MODEL"
"Uttar Pradesh","Mirzapur","2010-10-18",2010,10,1.7903944121,"IMD GRID MODEL"
"Uttar Pradesh","Mirzapur","2010-10-19",2010,10,5.5420945048,"IMD GRID MODEL"
"Uttar Pradesh","Mirzapur","2010-10-20",2010,10,5.8224106018,"IMD GRID MODEL"
"Uttar Pradesh","Mirzapur","2010-10-21",2010,10,1.1850427074,"IMD GRID MODEL"
"Uttar Pradesh","Mirzapur","2010-10-22",2010,10,10.0480607307,"IMD GRID MODEL"
"Uttar Pradesh","Mirzapur","2010-10-23",2010,10,33.1521083085,"IMD GRID MODEL"
"Uttar Pradesh","Mirzapur","2010-10-24",2010,10,7.26864278,"IMD GRID MODEL"
"Uttar Pradesh","Mirzapur","2010-10-25",2010,10,4.6647810026,"IMD GRID MODEL"
"Uttar Pradesh","Mirzapur","2010-10-26",2010,10,10.402969811,"IMD GRID MODEL"
"Uttar Pradesh","Mirzapur","2010-10-27",2010,10,4.8478336449,"IMD GRID MODEL"
"Uttar Pradesh","Mirzapur","2010-10-28",2010,10,34.3322330817,"IMD GRID MODEL"
"Uttar Pradesh","Mirzapur","2010-10-29",2010,10,11.4844249233,"IMD GRID MODEL"
"Uttar Pradesh","Mirzapur","2010-10-30",2010,10,2.202277883,"IMD GRID MODEL"
"Uttar Pradesh","Mirzapur","2010-10-31",2010,10,0.3128067555,"IMD GRID MODEL"
"Uttar Pradesh","Mirzapur","2010-09-01",2010,9,0.5381569718,"IMD GRID MODEL"
"Uttar Pradesh","Mirzapur","2010-09-02",2010,9,0.1079251789,"IMD GRID MODEL"
"Uttar Pradesh","Mirzapur","2010-09-03",2010,9,0.0,"IMD GRID MODEL"
"Uttar Pradesh","Mirzapur","2010-09-04",2010,9,0.6901760533,"IMD GRID MODEL"
"Uttar Pradesh","Mirzapur","2010-09-05",2010,9,0.944260213,"IMD GRID MODEL"
"Uttar Pradesh","Mirzapur","2010-09-06",2010,9,0.0,"IMD GRID MODEL"
"Uttar Pradesh","Mirzapur","2010-09-07",2010,9,0.0,"IMD GRID MODEL"
"Uttar Pradesh","Mirzapur","2010-09-08",2010,9,0.0220628116,"IMD GRID MODEL"
"Uttar Pradesh","Mirzapur","2010-09-09",2010,9,0.0090209495,"IMD GRID MODEL"
"Uttar Pradesh","Mirzapur","2010-09-10",2010,9,2.5001746167,"IMD GRID MODEL"
"Uttar Pradesh","Mirzapur","2010-09-11",2010,9,0.0,"IMD GRID MODEL"
"Uttar Pradesh","Mirzapur","2010-09-12",2010,9,0.0,"IMD GRID MODEL"
"Uttar Pradesh","Mirzapur","2010-09-13",2010,9,1.9902312867,"IMD GRID MODEL"
"Uttar Pradesh","Mirzapur","2010-09-14",2010,9,10.3044076437,"IMD GRID MODEL"
"Uttar Pradesh","Mirzapur","2010-09-15",2010,9,8.4931858857,"IMD GRID MODEL"
"Uttar Pradesh","Mirzapur","2010-09-16",2010,9,2.9743985688,"IMD GRID MODEL"
"Uttar Pradesh","Mirzapur","2010-09-17",2010,9,20.2348323792,"IMD GRID MODEL"
"Uttar Pradesh","Mirzapur","2010-09-18",2010,9,15.7158063187,"IMD GRID MODEL"
"Uttar Pradesh","Mirzapur","2010-09-19",2010,9,2.9601716329,"IMD GRID MODEL"
"Uttar Pradesh","Mirzapur","2010-09-20",2010,9,0.0142514609,"IMD GRID MODEL"
"Uttar Pradesh","Mirzapur","2010-09-21",2010,9,0.103433383,"IMD GRID MODEL"
"Uttar Pradesh","Mirzapur","2010-09-22",2010,9,4.5002067649,"IMD GRID MODEL"
"Uttar Pradesh","Mirzapur","2010-09-23",2010,9,15.6205892198,"IMD GRID MODEL"
"Uttar Pradesh","Mirzapur","2010-09-24",2010,9,17.5565871638,"IMD GRID MODEL"
"Uttar Pradesh","Mirzapur","2010-09-25",2010,9,1.1851142169,"IMD GRID MODEL"
"Uttar Pradesh","Mirzapur","2010-09-26",2010,9,0.8975905744,"IMD GRID MODEL"
"Uttar Pradesh","Mirzapur","2010-09-27",2010,9,19.0783093291,"IMD GRID MODEL"
"Uttar Pradesh","Mirzapur","2010-09-28",2010,9,7.2545481459,"IMD GRID MODEL"
"Uttar Pradesh","Mirzapur","2010-09-29",2010,9,9.8754239434,"IMD GRID MODEL"
"Uttar Pradesh","Mirzapur","2010-09-30",2010,9,15.0851612647,"IMD GRID MODEL"
"Uttar Pradesh","Mirzapur","2011-04-01",2011,4,0.1741028671,"IMD GRID MODEL"
"Uttar Pradesh","Mirzapur","2011-04-02",2011,4,0.0,"IMD GRID MODEL"
"Uttar Pradesh","Mirzapur","2011-04-03",2011,4,0.0,"IMD GRID MODEL"
"Uttar Pradesh","Mirzapur","2011-04-04",2011,4,3.4740460481,"IMD GRID MODEL"
"Uttar Pradesh","Mirzapur","2011-04-05",2011,4,0.0,"IMD GRID MODEL"
"Uttar Pradesh","Mirzapur","2011-04-06",2011,4,0.0,"IMD GRID MODEL"
"Uttar Pradesh","Mirzapur","2011-04-07",2011,4,0.0,"IMD GRID MODEL"
"Uttar Pradesh","Mirzapur","2011-04-08",2011,4,0.0,"IMD GRID MODEL"
"Uttar Pradesh","Mirzapur","2011-04-09",2011,4,0.0,"IMD GRID MODEL"
"Uttar Pradesh","Mirzapur","2011-04-10",2011,4,0.0,"IMD GRID MODEL"
"Uttar Pradesh","Mirzapur","2011-04-11",2011,4,0.0,"IMD GRID MODEL"
"Uttar Pradesh","Mirzapur","2011-04-12",2011,4,0.0,"IMD GRID MODEL"
"Uttar Pradesh","Mirzapur","2011-04-13",2011,4,0.0,"IMD GRID MODEL"
"Uttar Pradesh","Mirzapur","2011-04-14",2011,4,0.0,"IMD GRID MODEL"
"Uttar Pradesh","Mirzapur","2011-04-15",2011,4,0.0,"IMD GRID MODEL"
"Uttar Pradesh","Mirzapur","2011-04-16",2011,4,0.0,"IMD GRID MODEL"
"Uttar Pradesh","Mirzapur","2011-04-17",2011,4,0.0,"IMD GRID MODEL"
"Uttar Pradesh","Mirzapur","2011-04-18",2011,4,0.0,"IMD GRID MODEL"
"Uttar Pradesh","Mirzapur","2011-04-19",2011,4,0.0,"IMD GRID MODEL"
"Uttar Pradesh","Mirzapur","2011-04-20",2011,4,0.0,"IMD GRID MODEL"
"Uttar Pradesh","Mirzapur","2011-04-21",2011,4,0.0,"IMD GRID MODEL"
"Uttar Pradesh","Mirzapur","2011-04-22",2011,4,0.3094079263,"IMD GRID MODEL"
"Uttar Pradesh","Mirzapur","2011-04-23",2011,4,1.2164574084,"IMD GRID MODEL"
"Uttar Pradesh","Mirzapur","2011-04-24",2011,4,0.0,"IMD GRID MODEL"
"Uttar Pradesh","Mirzapur","2011-04-25",2011,4,0.0,"IMD GRID MODEL"
"Uttar Pradesh","Mirzapur","2011-04-26",2011,4,0.0,"IMD GRID MODEL"
"Uttar Pradesh","Mirzapur","2011-04-27",2011,4,0.0,"IMD GRID MODEL"
"Uttar Pradesh","Mirzapur","2011-04-28",2011,4,0.0,"IMD GRID MODEL"
"Uttar Pradesh","Mirzapur","2011-04-29",2011,4,0.0,"IMD GRID MODEL"
"Uttar Pradesh","Mirzapur","2011-04-30",2011,4,0.0,"IMD GRID MODEL"
"Uttar Pradesh","Mirzapur","2011-08-01",2011,8,0.5592455016,"IMD GRID MODEL"
"Uttar Pradesh","Mirzapur","2011-08-02",2011,8,0.0,"IMD GRID MODEL"
"Uttar Pradesh","Mirzapur","2011-08-03",2011,8,0.0,"IMD GRID MODEL"
"Uttar Pradesh","Mirzapur","2011-08-04",2011,8,0.1121859059,"IMD GRID MODEL"
"Uttar Pradesh","Mirzapur","2011-08-05",2011,8,0.084059391,"IMD GRID MODEL"
"Uttar Pradesh","Mirzapur","2011-08-06",2011,8,0.3651536554,"IMD GRID MODEL"
"Uttar Pradesh","Mirzapur","2011-08-07",2011,8,0.0,"IMD GRID MODEL"
"Uttar Pradesh","Mirzapur","2011-08-08",2011,8,0.8014082663,"IMD GRID MODEL"
"Uttar Pradesh","Mirzapur","2011-08-09",2011,8,0.0,"IMD GRID MODEL"
"Uttar Pradesh","Mirzapur","2011-08-10",2011,8,0.0,"IMD GRID MODEL"
"Uttar Pradesh","Mirzapur","2011-08-11",2011,8,0.0,"IMD GRID MODEL"
"Uttar Pradesh","Mirzapur","2011-08-12",2011,8,0.0,"IMD GRID MODEL"
"Uttar Pradesh","Mirzapur","2011-08-13",2011,8,2.0012580748,"IMD GRID MODEL"
"Uttar Pradesh","Mirzapur","2011-08-14",2011,8,0.3744938617,"IMD GRID MODEL"
"Uttar Pradesh","Mirzapur","2011-08-15",2011,8,0.0011586016,"IMD GRID MODEL"
"Uttar Pradesh","Mirzapur","2011-08-16",2011,8,0.6635423615,"IMD GRID MODEL"
"Uttar Pradesh","Mirzapur","2011-08-17",2011,8,0.0315621126,"IMD GRID MODEL"
"Uttar Pradesh","Mirzapur","2011-08-18",2011,8,0.4025144833,"IMD GRID MODEL"
"Uttar Pradesh","Mirzapur","2011-08-19",2011,8,1.4828919128,"IMD GRID MODEL"
"Uttar Pradesh","Mirzapur","2011-08-20",2011,8,10.2405479409,"IMD GRID MODEL"
"Uttar Pradesh","Mirzapur","2011-08-21",2011,8,5.5894900849,"IMD GRID MODEL"
"Uttar Pradesh","Mirzapur","2011-08-22",2011,8,11.4634496991,"IMD GRID MODEL"
"Uttar Pradesh","Mirzapur","2011-08-23",2011,8,18.0447915506,"IMD GRID MODEL"
"Uttar Pradesh","Mirzapur","2011-08-24",2011,8,41.4461982248,"IMD GRID MODEL"
"Uttar Pradesh","Mirzapur","2011-08-25",2011,8,28.8099829475,"IMD GRID MODEL"
"Uttar Pradesh","Mirzapur","2011-08-26",2011,8,1.3379063686,"IMD GRID MODEL"
"Uttar Pradesh","Mirzapur","2011-08-27",2011,8,0.3852740385,"IMD GRID MODEL"
"Uttar Pradesh","Mirzapur","2011-08-28",2011,8,1.0604604131,"IMD GRID MODEL"
"Uttar Pradesh","Mirzapur","2011-08-29",2011,8,0.0180967164,"IMD GRID MODEL"
"Uttar Pradesh","Mirzapur","2011-08-30",2011,8,0.0654592593,"IMD GRID MODEL"
"Uttar Pradesh","Mirzapur","2011-08-31",2011,8,8.7237275163,"IMD GRID MODEL"
"Uttar Pradesh","Mirzapur","2011-12-01",2011,12,2.0699413396,"IMD GRID MODEL"
"Uttar Pradesh","Mirzapur","2011-12-02",2011,12,0.0,"IMD GRID MODEL"
"Uttar Pradesh","Mirzapur","2011-12-03",2011,12,0.0,"IMD GRID MODEL"
"Uttar Pradesh","Mirzapur","2011-12-04",2011,12,0.0,"IMD GRID MODEL"
"Uttar Pradesh","Mirzapur","2011-12-05",2011,12,0.0,"IMD GRID MODEL"
"Uttar Pradesh","Mirzapur","2011-12-06",2011,12,0.0,"IMD GRID MODEL"
"Uttar Pradesh","Mirzapur","2011-12-07",2011,12,0.0,"IMD GRID MODEL"
"Uttar Pradesh","Mirzapur","2011-12-08",2011,12,0.0,"IMD GRID MODEL"
"Uttar Pradesh","Mirzapur","2011-12-09",2011,12,0.0174543733,"IMD GRID MODEL"
"Uttar Pradesh","Mirzapur","2011-12-10",2011,12,0.0,"IMD GRID MODEL"
"Uttar Pradesh","Mirzapur","2011-12-11",2011,12,0.0,"IMD GRID MODEL"
"Uttar Pradesh","Mirzapur","2011-12-12",2011,12,2.7828776802,"IMD GRID MODEL"
"Uttar Pradesh","Mirzapur","2011-12-13",2011,12,0.0,"IMD GRID MODEL"
"Uttar Pradesh","Mirzapur","2011-12-14",2011,12,0.0,"IMD GRID MODEL"
"Uttar Pradesh","Mirzapur","2011-12-15",2011,12,0.0,"IMD GRID MODEL"
"Uttar Pradesh","Mirzapur","2011-12-16",2011,12,0.0,"IMD GRID MODEL"
"Uttar Pradesh","Mirzapur","2011-12-17",2011,12,0.0,"IMD GRID MODEL"
"Uttar Pradesh","Mirzapur","2011-12-18",2011,12,0.0,"IMD GRID MODEL"
"Uttar Pradesh","Mirzapur","2011-12-19",2011,12,0.0,"IMD GRID MODEL"
"Uttar Pradesh","Mirzapur","2011-12-20",2011,12,0.0,"IMD GRID MODEL"
"Uttar Pradesh","Mirzapur","2011-12-21",2011,12,0.0,"IMD GRID MODEL"
"Uttar Pradesh","Mirzapur","2011-12-22",2011,12,0.0,"IMD GRID MODEL"
"Uttar Pradesh","Mirzapur","2011-12-23",2011,12,0.2180926174,"IMD GRID MODEL"
"Uttar Pradesh","Mirzapur","2011-12-24",2011,12,0.0,"IMD GRID MODEL"
"Uttar Pradesh","Mirzapur","2011-12-25",2011,12,0.0,"IMD GRID MODEL"
"Uttar Pradesh","Mirzapur","2011-12-26",2011,12,0.0082484741,"IMD GRID MODEL"
"Uttar Pradesh","Mirzapur","2011-12-27",2011,12,0.0,"IMD GRID MODEL"
"Uttar Pradesh","Mirzapur","2011-12-28",2011,12,0.0,"IMD GRID MODEL"
"Uttar Pradesh","Mirzapur","2011-12-29",2011,12,0.0,"IMD GRID MODEL"
"Uttar Pradesh","Mirzapur","2011-12-30",2011,12,0.0,"IMD GRID MODEL"
"Uttar Pradesh","Mirzapur","2011-12-31",2011,12,0.0,"IMD GRID MODEL"
"Uttar Pradesh","Mirzapur","2011-02-01",2011,2,0.0,"IMD GRID MODEL"
"Uttar Pradesh","Mirzapur","2011-02-02",2011,2,0.0,"IMD GRID MODEL"
"Uttar Pradesh","Mirzapur","2011-02-03",2011,2,0.0,"IMD GRID MODEL"
"Uttar Pradesh","Mirzapur","2011-02-04",2011,2,0.0,"IMD GRID MODEL"
"Uttar Pradesh","Mirzapur","2011-02-05",2011,2,0.0,"IMD GRID MODEL"
"Uttar Pradesh","Mirzapur","2011-02-06",2011,2,0.0,"IMD GRID MODEL"
"Uttar Pradesh","Mirzapur","2011-02-07",2011,2,0.0,"IMD GRID MODEL"
"Uttar Pradesh","Mirzapur","2011-02-08",2011,2,0.0,"IMD GRID MODEL"
"Uttar Pradesh","Mirzapur","2011-02-09",2011,2,0.0,"IMD GRID MODEL"
"Uttar Pradesh","Mirzapur","2011-02-10",2011,2,0.0,"IMD GRID MODEL"
"Uttar Pradesh","Mirzapur","2011-02-11",2011,2,0.0,"IMD GRID MODEL"
"Uttar Pradesh","Mirzapur","2011-02-12",2011,2,0.0,"IMD GRID MODEL"
"Uttar Pradesh","Mirzapur","2011-02-13",2011,2,0.0,"IMD GRID MODEL"
"Uttar Pradesh","Mirzapur","2011-02-14",2011,2,0.0,"IMD GRID MODEL"
"Uttar Pradesh","Mirzapur","2011-02-15",2011,2,0.0,"IMD GRID MODEL"
"Uttar Pradesh","Mirzapur","2011-02-16",2011,2,0.0,"IMD GRID MODEL"
"Uttar Pradesh","Mirzapur","2011-02-17",2011,2,0.0,"IMD GRID MODEL"
"Uttar Pradesh","Mirzapur","2011-02-18",2011,2,0.0,"IMD GRID MODEL"
"Uttar Pradesh","Mirzapur","2011-02-19",2011,2,0.0,"IMD GRID MODEL"
"Uttar Pradesh","Mirzapur","2011-02-20",2011,2,0.0,"IMD GRID MODEL"
"Uttar Pradesh","Mirzapur","2011-02-21",2011,2,0.0,"IMD GRID MODEL"
"Uttar Pradesh","Mirzapur","2011-02-22",2011,2,0.0,"IMD GRID MODEL"
"Uttar Pradesh","Mirzapur","2011-02-23",2011,2,0.0,"IMD GRID MODEL"
"Uttar Pradesh","Mirzapur","2011-02-24",2011,2,0.0,"IMD GRID MODEL"
"Uttar Pradesh","Mirzapur","2011-02-25",2011,2,0.0,"IMD GRID MODEL"
"Uttar Pradesh","Mirzapur","2011-02-26",2011,2,0.0,"IMD GRID MODEL"
"Uttar Pradesh","Mirzapur","2011-02-27",2011,2,0.0,"IMD GRID MODEL"
"Uttar Pradesh","Mirzapur","2011-02-28",2011,2,0.0,"IMD GRID MODEL"
"Uttar Pradesh","Mirzapur","2011-01-01",2011,1,0.0,"IMD GRID MODEL"
"Uttar Pradesh","Mirzapur","2011-01-02",2011,1,0.0,"IMD GRID MODEL"
"Uttar Pradesh","Mirzapur","2011-01-03",2011,1,0.0,"IMD GRID MODEL"
"Uttar Pradesh","Mirzapur","2011-01-04",2011,1,0.0,"IMD GRID MODEL"
"Uttar Pradesh","Mirzapur","2011-01-05",2011,1,0.0,"IMD GRID MODEL"
"Uttar Pradesh","Mirzapur","2011-01-06",2011,1,0.0,"IMD GRID MODEL"
"Uttar Pradesh","Mirzapur","2011-01-07",2011,1,0.0,"IMD GRID MODEL"
"Uttar Pradesh","Mirzapur","2011-01-08",2011,1,0.0,"IMD GRID MODEL"
"Uttar Pradesh","Mirzapur","2011-01-09",2011,1,0.0,"IMD GRID MODEL"
"Uttar Pradesh","Mirzapur","2011-01-10",2011,1,0.0,"IMD GRID MODEL"
"Uttar Pradesh","Mirzapur","2011-01-11",2011,1,0.0,"IMD GRID MODEL"
"Uttar Pradesh","Mirzapur","2011-01-12",2011,1,0.0,"IMD GRID MODEL"
"Uttar Pradesh","Mirzapur","2011-01-13",2011,1,0.0,"IMD GRID MODEL"
"Uttar Pradesh","Mirzapur","2011-01-14",2011,1,0.0,"IMD GRID MODEL"
"Uttar Pradesh","Mirzapur","2011-01-15",2011,1,0.0,"IMD GRID MODEL"
"Uttar Pradesh","Mirzapur","2011-01-16",2011,1,0.0,"IMD GRID MODEL"
"Uttar Pradesh","Mirzapur","2011-01-17",2011,1,0.0,"IMD GRID MODEL"
"Uttar Pradesh","Mirzapur","2011-01-18",2011,1,0.0,"IMD GRID MODEL"
"Uttar Pradesh","Mirzapur","2011-01-19",2011,1,0.0,"IMD GRID MODEL"
"Uttar Pradesh","Mirzapur","2011-01-20",2011,1,0.0,"IMD GRID MODEL"
"Uttar Pradesh","Mirzapur","2011-01-21",2011,1,0.0,"IMD GRID MODEL"
"Uttar Pradesh","Mirzapur","2011-01-22",2011,1,0.0,"IMD GRID MODEL"
"Uttar Pradesh","Mirzapur","2011-01-23",2011,1,0.0,"IMD GRID MODEL"
"Uttar Pradesh","Mirzapur","2011-01-24",2011,1,0.0,"IMD GRID MODEL"
"Uttar Pradesh","Mirzapur","2011-01-25",2011,1,0.0,"IMD GRID MODEL"
"Uttar Pradesh","Mirzapur","2011-01-26",2011,1,0.0,"IMD GRID MODEL"
"Uttar Pradesh","Mirzapur","2011-01-27",2011,1,0.0,"IMD GRID MODEL"
"Uttar Pradesh","Mirzapur","2011-01-28",2011,1,0.0,"IMD GRID MODEL"
"Uttar Pradesh","Mirzapur","2011-01-29",2011,1,0.0,"IMD GRID MODEL"
"Uttar Pradesh","Mirzapur","2011-01-30",2011,1,0.0,"IMD GRID MODEL"
"Uttar Pradesh","Mirzapur","2011-01-31",2011,1,0.0,"IMD GRID MODEL"
"Uttar Pradesh","Mirzapur","2011-07-01",2011,7,0.0082484741,"IMD GRID MODEL"
"Uttar Pradesh","Mirzapur","2011-07-02",2011,7,0.0315877107,"IMD GRID MODEL"
"Uttar Pradesh","Mirzapur","2011-07-03",2011,7,0.0,"IMD GRID MODEL"
"Uttar Pradesh","Mirzapur","2011-07-04",2011,7,0.1507242116,"IMD GRID MODEL"
"Uttar Pradesh","Mirzapur","2011-07-05",2011,7,0.0,"IMD GRID MODEL"
"Uttar Pradesh","Mirzapur","2011-07-06",2011,7,0.0,"IMD GRID MODEL"
"Uttar Pradesh","Mirzapur","2011-07-07",2011,7,0.0,"IMD GRID MODEL"
"Uttar Pradesh","Mirzapur","2011-07-08",2011,7,0.0,"IMD GRID MODEL"
"Uttar Pradesh","Mirzapur","2011-07-09",2011,7,0.0597714876,"IMD GRID MODEL"
"Uttar Pradesh","Mirzapur","2011-07-10",2011,7,0.0,"IMD GRID MODEL"
"Uttar Pradesh","Mirzapur","2011-07-11",2011,7,0.3326220504,"IMD GRID MODEL"
"Uttar Pradesh","Mirzapur","2011-07-12",2011,7,1.2168321643,"IMD GRID MODEL"
"Uttar Pradesh","Mirzapur","2011-07-13",2011,7,0.0,"IMD GRID MODEL"
"Uttar Pradesh","Mirzapur","2011-07-14",2011,7,0.0,"IMD GRID MODEL"
"Uttar Pradesh","Mirzapur","2011-07-15",2011,7,0.0,"IMD GRID MODEL"
"Uttar Pradesh","Mirzapur","2011-07-16",2011,7,0.0,"IMD GRID MODEL"
"Uttar Pradesh","Mirzapur","2011-07-17",2011,7,0.0,"IMD GRID MODEL"
"Uttar Pradesh","Mirzapur","2011-07-18",2011,7,0.0,"IMD GRID MODEL"
"Uttar Pradesh","Mirzapur","2011-07-19",2011,7,0.5823492113,"IMD GRID MODEL"
"Uttar Pradesh","Mirzapur","2011-07-20",2011,7,0.0,"IMD GRID MODEL"
"Uttar Pradesh","Mirzapur","2011-07-21",2011,7,0.0,"IMD GRID MODEL"
"Uttar Pradesh","Mirzapur","2011-07-22",2011,7,0.0,"IMD GRID MODEL"
"Uttar Pradesh","Mirzapur","2011-07-23",2011,7,2.1496985843,"IMD GRID MODEL"
"Uttar Pradesh","Mirzapur","2011-07-24",2011,7,0.0468529462,"IMD GRID MODEL"
"Uttar Pradesh","Mirzapur","2011-07-25",2011,7,0.0,"IMD GRID MODEL"
"Uttar Pradesh","Mirzapur","2011-07-26",2011,7,0.0,"IMD GRID MODEL"
"Uttar Pradesh","Mirzapur","2011-07-27",2011,7,0.3334972576,"IMD GRID MODEL"
"Uttar Pradesh","Mirzapur","2011-07-28",2011,7,0.0,"IMD GRID MODEL"
"Uttar Pradesh","Mirzapur","2011-07-29",2011,7,0.8024068384,"IMD GRID MODEL"
"Uttar Pradesh","Mirzapur","2011-07-30",2011,7,2.1036499412,"IMD GRID MODEL"
"Uttar Pradesh","Mirzapur","2011-07-31",2011,7,0.3448435668,"IMD GRID MODEL"
"Uttar Pradesh","Mirzapur","2011-06-02",2011,6,0.0,"IMD GRID MODEL"
"Uttar Pradesh","Mirzapur","2011-06-03",2011,6,0.0,"IMD GRID MODEL"
"Uttar Pradesh","Mirzapur","2011-06-04",2011,6,0.0885001525,"IMD GRID MODEL"
"Uttar Pradesh","Mirzapur","2011-06-01",2011,6,0.0,"IMD GRID MODEL"
"Uttar Pradesh","Mirzapur","2011-06-05",2011,6,0.0,"IMD GRID MODEL"
"Uttar Pradesh","Mirzapur","2011-06-06",2011,6,0.0,"IMD GRID MODEL"
"Uttar Pradesh","Mirzapur","2011-06-07",2011,6,0.0,"IMD GRID MODEL"
"Uttar Pradesh","Mirzapur","2011-06-08",2011,6,1.167913447,"IMD GRID MODEL"
"Uttar Pradesh","Mirzapur","2011-06-09",2011,6,0.0,"IMD GRID MODEL"
"Uttar Pradesh","Mirzapur","2011-06-10",2011,6,0.0,"IMD GRID MODEL"
"Uttar Pradesh","Mirzapur","2011-06-11",2011,6,1.0690323911,"IMD GRID MODEL"
"Uttar Pradesh","Mirzapur","2011-06-12",2011,6,0.0,"IMD GRID MODEL"
"Uttar Pradesh","Mirzapur","2011-06-13",2011,6,0.0,"IMD GRID MODEL"
"Uttar Pradesh","Mirzapur","2011-06-14",2011,6,0.0,"IMD GRID MODEL"
"Uttar Pradesh","Mirzapur","2011-06-15",2011,6,0.0271989717,"IMD GRID MODEL"
"Uttar Pradesh","Mirzapur","2011-06-16",2011,6,0.0,"IMD GRID MODEL"
"Uttar Pradesh","Mirzapur","2011-06-17",2011,6,0.7854336043,"IMD GRID MODEL"
"Uttar Pradesh","Mirzapur","2011-06-18",2011,6,0.0,"IMD GRID MODEL"
"Uttar Pradesh","Mirzapur","2011-06-19",2011,6,0.0,"IMD GRID MODEL"
"Uttar Pradesh","Mirzapur","2011-06-20",2011,6,0.0,"IMD GRID MODEL"
"Uttar Pradesh","Mirzapur","2011-06-21",2011,6,0.0,"IMD GRID MODEL"
"Uttar Pradesh","Mirzapur","2011-06-22",2011,6,4.228820564,"IMD GRID MODEL"
"Uttar Pradesh","Mirzapur","2011-06-23",2011,6,2.8701952124,"IMD GRID MODEL"
"Uttar Pradesh","Mirzapur","2011-06-24",2011,6,0.2314245113,"IMD GRID MODEL"
"Uttar Pradesh","Mirzapur","2011-06-25",2011,6,0.1357501361,"IMD GRID MODEL"
"Uttar Pradesh","Mirzapur","2011-06-26",2011,6,0.5430005443,"IMD GRID MODEL"
"Uttar Pradesh","Mirzapur","2011-06-27",2011,6,0.0,"IMD GRID MODEL"
"Uttar Pradesh","Mirzapur","2011-06-28",2011,6,0.0,"IMD GRID MODEL"
"Uttar Pradesh","Mirzapur","2011-06-29",2011,6,0.0,"IMD GRID MODEL"
"Uttar Pradesh","Mirzapur","2011-06-30",2011,6,4.2102447279,"IMD GRID MODEL"
"Uttar Pradesh","Mirzapur","2011-03-01",2011,3,0.0,"IMD GRID MODEL"
"Uttar Pradesh","Mirzapur","2011-03-02",2011,3,0.0,"IMD GRID MODEL"
"Uttar Pradesh","Mirzapur","2011-03-03",2011,3,0.0,"IMD GRID MODEL"
"Uttar Pradesh","Mirzapur","2011-03-04",2011,3,0.0,"IMD GRID MODEL"
"Uttar Pradesh","Mirzapur","2011-03-05",2011,3,0.0,"IMD GRID MODEL"
"Uttar Pradesh","Mirzapur","2011-03-06",2011,3,0.0,"IMD GRID MODEL"
"Uttar Pradesh","Mirzapur","2011-03-07",2011,3,2.1589269801,"IMD GRID MODEL"
"Uttar Pradesh","Mirzapur","2011-03-08",2011,3,0.0,"IMD GRID MODEL"
"Uttar Pradesh","Mirzapur","2011-03-09",2011,3,0.0,"IMD GRID MODEL"
"Uttar Pradesh","Mirzapur","2011-03-10",2011,3,0.0,"IMD GRID MODEL"
"Uttar Pradesh","Mirzapur","2011-03-11",2011,3,0.0,"IMD GRID MODEL"
"Uttar Pradesh","Mirzapur","2011-03-12",2011,3,0.0,"IMD GRID MODEL"
"Uttar Pradesh","Mirzapur","2011-03-13",2011,3,0.0,"IMD GRID MODEL"
"Uttar Pradesh","Mirzapur","2011-03-14",2011,3,0.0,"IMD GRID MODEL"
"Uttar Pradesh","Mirzapur","2011-03-15",2011,3,0.0,"IMD GRID MODEL"
"Uttar Pradesh","Mirzapur","2011-03-16",2011,3,0.0,"IMD GRID MODEL"
"Uttar Pradesh","Mirzapur","2011-03-17",2011,3,0.0,"IMD GRID MODEL"
"Uttar Pradesh","Mirzapur","2011-03-18",2011,3,0.0,"IMD GRID MODEL"
"Uttar Pradesh","Mirzapur","2011-03-19",2011,3,0.0,"IMD GRID MODEL"
"Uttar Pradesh","Mirzapur","2011-03-20",2011,3,0.0,"IMD GRID MODEL"
"Uttar Pradesh","Mirzapur","2011-03-21",2011,3,0.0,"IMD GRID MODEL"
"Uttar Pradesh","Mirzapur","2011-03-22",2011,3,0.0,"IMD GRID MODEL"
"Uttar Pradesh","Mirzapur","2011-03-23",2011,3,0.0,"IMD GRID MODEL"
"Uttar Pradesh","Mirzapur","2011-03-24",2011,3,0.0111141811,"IMD GRID MODEL"
"Uttar Pradesh","Mirzapur","2011-03-25",2011,3,0.0,"IMD GRID MODEL"
"Uttar Pradesh","Mirzapur","2011-03-26",2011,3,0.0,"IMD GRID MODEL"
"Uttar Pradesh","Mirzapur","2011-03-27",2011,3,0.0,"IMD GRID MODEL"
"Uttar Pradesh","Mirzapur","2011-03-28",2011,3,0.0,"IMD GRID MODEL"
"Uttar Pradesh","Mirzapur","2011-03-29",2011,3,0.0,"IMD GRID MODEL"
"Uttar Pradesh","Mirzapur","2011-03-30",2011,3,0.0,"IMD GRID MODEL"
"Uttar Pradesh","Mirzapur","2011-03-31",2011,3,0.0,"IMD GRID MODEL"
"Uttar Pradesh","Mirzapur","2011-05-01",2011,5,0.4396328266,"IMD GRID MODEL"
"Uttar Pradesh","Mirzapur","2011-05-02",2011,5,0.7109052041,"IMD GRID MODEL"
"Uttar Pradesh","Mirzapur","2011-05-03",2011,5,0.0,"IMD GRID MODEL"
"Uttar Pradesh","Mirzapur","2011-05-04",2011,5,0.0,"IMD GRID MODEL"
"Uttar Pradesh","Mirzapur","2011-05-05",2011,5,0.0,"IMD GRID MODEL"
"Uttar Pradesh","Mirzapur","2011-05-06",2011,5,0.0,"IMD GRID MODEL"
"Uttar Pradesh","Mirzapur","2011-05-07",2011,5,0.0,"IMD GRID MODEL"
"Uttar Pradesh","Mirzapur","2011-05-08",2011,5,0.0,"IMD GRID MODEL"
"Uttar Pradesh","Mirzapur","2011-05-09",2011,5,0.0,"IMD GRID MODEL"
"Uttar Pradesh","Mirzapur","2011-05-10",2011,5,0.0,"IMD GRID MODEL"
"Uttar Pradesh","Mirzapur","2011-05-11",2011,5,0.0,"IMD GRID MODEL"
"Uttar Pradesh","Mirzapur","2011-05-12",2011,5,0.0,"IMD GRID MODEL"
"Uttar Pradesh","Mirzapur","2011-05-13",2011,5,0.0,"IMD GRID MODEL"
"Uttar Pradesh","Mirzapur","2011-05-14",2011,5,0.0,"IMD GRID MODEL"
"Uttar Pradesh","Mirzapur","2011-05-15",2011,5,0.0,"IMD GRID MODEL"
"Uttar Pradesh","Mirzapur","2011-05-16",2011,5,0.0,"IMD GRID MODEL"
"Uttar Pradesh","Mirzapur","2011-05-17",2011,5,0.0,"IMD GRID MODEL"
"Uttar Pradesh","Mirzapur","2011-05-18",2011,5,0.0,"IMD GRID MODEL"
"Uttar Pradesh","Mirzapur","2011-05-19",2011,5,0.0,"IMD GRID MODEL"
"Uttar Pradesh","Mirzapur","2011-05-20",2011,5,0.0,"IMD GRID MODEL"
"Uttar Pradesh","Mirzapur","2011-05-21",2011,5,0.0,"IMD GRID MODEL"
"Uttar Pradesh","Mirzapur","2011-05-22",2011,5,0.0,"IMD GRID MODEL"
"Uttar Pradesh","Mirzapur","2011-05-23",2011,5,0.0,"IMD GRID MODEL"
"Uttar Pradesh","Mirzapur","2011-05-24",2011,5,0.0,"IMD GRID MODEL"
"Uttar Pradesh","Mirzapur","2011-05-25",2011,5,0.0,"IMD GRID MODEL"
"Uttar Pradesh","Mirzapur","2011-05-26",2011,5,0.0,"IMD GRID MODEL"
"Uttar Pradesh","Mirzapur","2011-05-27",2011,5,0.0,"IMD GRID MODEL"
"Uttar Pradesh","Mirzapur","2011-05-28",2011,5,0.0,"IMD GRID MODEL"
"Uttar Pradesh","Mirzapur","2011-05-29",2011,5,0.0,"IMD GRID MODEL"
"Uttar Pradesh","Mirzapur","2011-05-30",2011,5,0.0,"IMD GRID MODEL"
"Uttar Pradesh","Mirzapur","2011-05-31",2011,5,0.0,"IMD GRID MODEL"
"Uttar Pradesh","Mirzapur","2011-11-02",2011,11,0.0,"IMD GRID MODEL"
"Uttar Pradesh","Mirzapur","2011-11-03",2011,11,0.0,"IMD GRID MODEL"
"Uttar Pradesh","Mirzapur","2011-11-04",2011,11,0.0,"IMD GRID MODEL"
"Uttar Pradesh","Mirzapur","2011-11-05",2011,11,0.1743753087,"IMD GRID MODEL"
"Uttar Pradesh","Mirzapur","2011-11-06",2011,11,3.332355298,"IMD GRID MODEL"
"Uttar Pradesh","Mirzapur","2011-11-01",2011,11,0.3133672238,"IMD GRID MODEL"
"Uttar Pradesh","Mirzapur","2011-11-07",2011,11,12.4252968837,"IMD GRID MODEL"
"Uttar Pradesh","Mirzapur","2011-11-08",2011,11,10.135819424,"IMD GRID MODEL"
"Uttar Pradesh","Mirzapur","2011-11-09",2011,11,4.0377428089,"IMD GRID MODEL"
"Uttar Pradesh","Mirzapur","2011-11-10",2011,11,0.0232388629,"IMD GRID MODEL"
"Uttar Pradesh","Mirzapur","2011-11-11",2011,11,2.1498217987,"IMD GRID MODEL"
"Uttar Pradesh","Mirzapur","2011-11-12",2011,11,14.201417824,"IMD GRID MODEL"
"Uttar Pradesh","Mirzapur","2011-11-13",2011,11,15.7613611736,"IMD GRID MODEL"
"Uttar Pradesh","Mirzapur","2011-11-14",2011,11,18.0556755088,"IMD GRID MODEL"
"Uttar Pradesh","Mirzapur","2011-11-15",2011,11,8.0805618078,"IMD GRID MODEL"
"Uttar Pradesh","Mirzapur","2011-11-16",2011,11,1.4949840946,"IMD GRID MODEL"
"Uttar Pradesh","Mirzapur","2011-11-17",2011,11,0.0062511091,"IMD GRID MODEL"
"Uttar Pradesh","Mirzapur","2011-11-18",2011,11,1.2780292056,"IMD GRID MODEL"
"Uttar Pradesh","Mirzapur","2011-11-19",2011,11,8.0534280721,"IMD GRID MODEL"
"Uttar Pradesh","Mirzapur","2011-11-20",2011,11,2.7888839218,"IMD GRID MODEL"
"Uttar Pradesh","Mirzapur","2011-11-21",2011,11,13.6640150683,"IMD GRID MODEL"
"Uttar Pradesh","Mirzapur","2011-11-22",2011,11,21.4029614116,"IMD GRID MODEL"
"Uttar Pradesh","Mirzapur","2011-11-23",2011,11,10.9414189086,"IMD GRID MODEL"
"Uttar Pradesh","Mirzapur","2011-11-24",2011,11,4.6049462827,"IMD GRID MODEL"
"Uttar Pradesh","Mirzapur","2011-11-25",2011,11,0.4202963296,"IMD GRID MODEL"
"Uttar Pradesh","Mirzapur","2011-11-26",2011,11,8.0957972298,"IMD GRID MODEL"
"Uttar Pradesh","Mirzapur","2011-11-27",2011,11,6.9880228907,"IMD GRID MODEL"
"Uttar Pradesh","Mirzapur","2011-11-28",2011,11,32.0613535728,"IMD GRID MODEL"
"Uttar Pradesh","Mirzapur","2011-11-29",2011,11,119.7782505845,"IMD GRID MODEL"
"Uttar Pradesh","Mirzapur","2011-11-30",2011,11,78.9790077457,"IMD GRID MODEL"
"Uttar Pradesh","Mirzapur","2011-10-02",2011,10,24.8548021227,"IMD GRID MODEL"
"Uttar Pradesh","Mirzapur","2011-10-03",2011,10,1.716314049,"IMD GRID MODEL"
"Uttar Pradesh","Mirzapur","2011-10-04",2011,10,3.6887043438,"IMD GRID MODEL"
"Uttar Pradesh","Mirzapur","2011-10-05",2011,10,1.2909517158,"IMD GRID MODEL"
"Uttar Pradesh","Mirzapur","2011-10-01",2011,10,3.5246730386,"IMD GRID MODEL"
"Uttar Pradesh","Mirzapur","2011-10-06",2011,10,12.6275437791,"IMD GRID MODEL"
"Uttar Pradesh","Mirzapur","2011-10-07",2011,10,15.3899993519,"IMD GRID MODEL"
"Uttar Pradesh","Mirzapur","2011-10-08",2011,10,35.1471482866,"IMD GRID MODEL"
"Uttar Pradesh","Mirzapur","2011-10-09",2011,10,7.0194874547,"IMD GRID MODEL"
"Uttar Pradesh","Mirzapur","2011-10-10",2011,10,7.0032805422,"IMD GRID MODEL"
"Uttar Pradesh","Mirzapur","2011-10-11",2011,10,25.7081112803,"IMD GRID MODEL"
"Uttar Pradesh","Mirzapur","2011-10-12",2011,10,8.5338332643,"IMD GRID MODEL"
"Uttar Pradesh","Mirzapur","2011-10-14",2011,10,15.7946527815,"IMD GRID MODEL"
"Uttar Pradesh","Mirzapur","2011-10-16",2011,10,32.4612837997,"IMD GRID MODEL"
"Uttar Pradesh","Mirzapur","2011-10-17",2011,10,14.7114878944,"IMD GRID MODEL"
"Uttar Pradesh","Mirzapur","2011-10-18",2011,10,31.1359275666,"IMD GRID MODEL"
"Uttar Pradesh","Mirzapur","2011-10-13",2011,10,24.8137235311,"IMD GRID MODEL"
"Uttar Pradesh","Mirzapur","2011-10-15",2011,10,61.0537101714,"IMD GRID MODEL"
"Uttar Pradesh","Mirzapur","2011-10-19",2011,10,11.2493236808,"IMD GRID MODEL"
"Uttar Pradesh","Mirzapur","2011-10-21",2011,10,10.5962699456,"IMD GRID MODEL"
"Uttar Pradesh","Mirzapur","2011-10-23",2011,10,4.3002219179,"IMD GRID MODEL"
"Uttar Pradesh","Mirzapur","2011-10-24",2011,10,2.9913612365,"IMD GRID MODEL"
"Uttar Pradesh","Mirzapur","2011-10-25",2011,10,0.0105601048,"IMD GRID MODEL"
"Uttar Pradesh","Mirzapur","2011-10-20",2011,10,7.9208917028,"IMD GRID MODEL"
"Uttar Pradesh","Mirzapur","2011-10-22",2011,10,36.9504841626,"IMD GRID MODEL"
"Uttar Pradesh","Mirzapur","2011-10-26",2011,10,0.0208651882,"IMD GRID MODEL"
"Uttar Pradesh","Mirzapur","2011-10-27",2011,10,2.2947553222,"IMD GRID MODEL"
"Uttar Pradesh","Mirzapur","2011-10-28",2011,10,1.781350132,"IMD GRID MODEL"
"Uttar Pradesh","Mirzapur","2011-10-29",2011,10,0.025193229,"IMD GRID MODEL"
"Uttar Pradesh","Mirzapur","2011-10-30",2011,10,2.5014364702,"IMD GRID MODEL"
"Uttar Pradesh","Mirzapur","2011-10-31",2011,10,4.1708033978,"IMD GRID MODEL"
"Uttar Pradesh","Mirzapur","2011-09-01",2011,9,20.3790402749,"IMD GRID MODEL"
"Uttar Pradesh","Mirzapur","2011-09-02",2011,9,11.8892933645,"IMD GRID MODEL"
"Uttar Pradesh","Mirzapur","2011-09-03",2011,9,10.1253348672,"IMD GRID MODEL"
"Uttar Pradesh","Mirzapur","2011-09-04",2011,9,0.925882903,"IMD GRID MODEL"
"Uttar Pradesh","Mirzapur","2011-09-05",2011,9,7.6295376874,"IMD GRID MODEL"
"Uttar Pradesh","Mirzapur","2011-09-06",2011,9,0.0041776464,"IMD GRID MODEL"
"Uttar Pradesh","Mirzapur","2011-09-07",2011,9,0.0,"IMD GRID MODEL"
"Uttar Pradesh","Mirzapur","2011-09-08",2011,9,6.5104977539,"IMD GRID MODEL"
"Uttar Pradesh","Mirzapur","2011-09-09",2011,9,12.0218600192,"IMD GRID MODEL"
"Uttar Pradesh","Mirzapur","2011-09-10",2011,9,0.0,"IMD GRID MODEL"
"Uttar Pradesh","Mirzapur","2011-09-11",2011,9,0.6400843456,"IMD GRID MODEL"
"Uttar Pradesh","Mirzapur","2011-09-12",2011,9,1.2868064943,"IMD GRID MODEL"
"Uttar Pradesh","Mirzapur","2011-09-13",2011,9,2.0999038199,"IMD GRID MODEL"
"Uttar Pradesh","Mirzapur","2011-09-14",2011,9,0.1715320641,"IMD GRID MODEL"
"Uttar Pradesh","Mirzapur","2011-09-15",2011,9,3.7855712075,"IMD GRID MODEL"
"Uttar Pradesh","Mirzapur","2011-09-16",2011,9,0.8470767227,"IMD GRID MODEL"
"Uttar Pradesh","Mirzapur","2011-09-17",2011,9,0.0,"IMD GRID MODEL"
"Uttar Pradesh","Mirzapur","2011-09-18",2011,9,0.0478958645,"IMD GRID MODEL"
"Uttar Pradesh","Mirzapur","2011-09-19",2011,9,3.0382149127,"IMD GRID MODEL"
"Uttar Pradesh","Mirzapur","2011-09-20",2011,9,17.8650184988,"IMD GRID MODEL"
"Uttar Pradesh","Mirzapur","2011-09-21",2011,9,14.3372129117,"IMD GRID MODEL"
"Uttar Pradesh","Mirzapur","2011-09-22",2011,9,4.4273632584,"IMD GRID MODEL"
"Uttar Pradesh","Mirzapur","2011-09-23",2011,9,21.5822708799,"IMD GRID MODEL"
"Uttar Pradesh","Mirzapur","2011-09-24",2011,9,10.9002674561,"IMD GRID MODEL"
"Uttar Pradesh","Mirzapur","2011-09-25",2011,9,34.4399569523,"IMD GRID MODEL"
"Uttar Pradesh","Mirzapur","2011-09-26",2011,9,2.8989657002,"IMD GRID MODEL"
"Uttar Pradesh","Mirzapur","2011-09-27",2011,9,1.1181576647,"IMD GRID MODEL"
"Uttar Pradesh","Mirzapur","2011-09-28",2011,9,0.0385652296,"IMD GRID MODEL"
"Uttar Pradesh","Mirzapur","2011-09-29",2011,9,3.9652533062,"IMD GRID MODEL"
"Uttar Pradesh","Mirzapur","2011-09-30",2011,9,0.0009001031,"IMD GRID MODEL"
"Uttar Pradesh","Mirzapur","2012-04-01",2012,4,0.0,"IMD GRID MODEL"
"Uttar Pradesh","Mirzapur","2012-04-02",2012,4,0.0,"IMD GRID MODEL"
"Uttar Pradesh","Mirzapur","2012-04-03",2012,4,0.0,"IMD GRID MODEL"
"Uttar Pradesh","Mirzapur","2012-04-04",2012,4,0.0,"IMD GRID MODEL"
"Uttar Pradesh","Mirzapur","2012-04-05",2012,4,0.0,"IMD GRID MODEL"
"Uttar Pradesh","Mirzapur","2012-04-06",2012,4,0.0,"IMD GRID MODEL"
"Uttar Pradesh","Mirzapur","2012-04-07",2012,4,0.0,"IMD GRID MODEL"
"Uttar Pradesh","Mirzapur","2012-04-08",2012,4,0.0,"IMD GRID MODEL"
"Uttar Pradesh","Mirzapur","2012-04-09",2012,4,0.0,"IMD GRID MODEL"
"Uttar Pradesh","Mirzapur","2012-04-10",2012,4,0.0,"IMD GRID MODEL"
"Uttar Pradesh","Mirzapur","2012-04-11",2012,4,0.0,"IMD GRID MODEL"
"Uttar Pradesh","Mirzapur","2012-04-12",2012,4,0.0,"IMD GRID MODEL"
"Uttar Pradesh","Mirzapur","2012-04-13",2012,4,0.0,"IMD GRID MODEL"
"Uttar Pradesh","Mirzapur","2012-04-14",2012,4,0.0,"IMD GRID MODEL"
"Uttar Pradesh","Mirzapur","2012-04-15",2012,4,0.0,"IMD GRID MODEL"
"Uttar Pradesh","Mirzapur","2012-04-16",2012,4,0.0,"IMD GRID MODEL"
"Uttar Pradesh","Mirzapur","2012-04-17",2012,4,0.0,"IMD GRID MODEL"
"Uttar Pradesh","Mirzapur","2012-04-18",2012,4,0.0,"IMD GRID MODEL"
"Uttar Pradesh","Mirzapur","2012-04-19",2012,4,0.0,"IMD GRID MODEL"
"Uttar Pradesh","Mirzapur","2012-04-20",2012,4,0.8916016646,"IMD GRID MODEL"
"Uttar Pradesh","Mirzapur","2012-04-21",2012,4,0.1503967125,"IMD GRID MODEL"
"Uttar Pradesh","Mirzapur","2012-04-22",2012,4,2.3418930515,"IMD GRID MODEL"
"Uttar Pradesh","Mirzapur","2012-04-23",2012,4,0.0,"IMD GRID MODEL"
"Uttar Pradesh","Mirzapur","2012-04-24",2012,4,0.0,"IMD GRID MODEL"
"Uttar Pradesh","Mirzapur","2012-04-25",2012,4,0.0,"IMD GRID MODEL"
"Uttar Pradesh","Mirzapur","2012-04-26",2012,4,0.0,"IMD GRID MODEL"
"Uttar Pradesh","Mirzapur","2012-04-27",2012,4,0.0,"IMD GRID MODEL"
"Uttar Pradesh","Mirzapur","2012-04-28",2012,4,0.0,"IMD GRID MODEL"
"Uttar Pradesh","Mirzapur","2012-04-29",2012,4,0.0,"IMD GRID MODEL"
"Uttar Pradesh","Mirzapur","2012-04-30",2012,4,0.0,"IMD GRID MODEL"
"Uttar Pradesh","Mirzapur","2012-08-01",2012,8,0.0,"IMD GRID MODEL"
"Uttar Pradesh","Mirzapur","2012-08-02",2012,8,0.0,"IMD GRID MODEL"
"Uttar Pradesh","Mirzapur","2012-08-03",2012,8,0.0,"IMD GRID MODEL"
"Uttar Pradesh","Mirzapur","2012-08-04",2012,8,0.0,"IMD GRID MODEL"
"Uttar Pradesh","Mirzapur","2012-08-05",2012,8,0.0,"IMD GRID MODEL"
"Uttar Pradesh","Mirzapur","2012-08-06",2012,8,0.0,"IMD GRID MODEL"
"Uttar Pradesh","Mirzapur","2012-08-07",2012,8,0.0230803547,"IMD GRID MODEL"
"Uttar Pradesh","Mirzapur","2012-08-08",2012,8,0.0,"IMD GRID MODEL"
"Uttar Pradesh","Mirzapur","2012-08-09",2012,8,0.0,"IMD GRID MODEL"
"Uttar Pradesh","Mirzapur","2012-08-10",2012,8,0.0,"IMD GRID MODEL"
"Uttar Pradesh","Mirzapur","2012-08-12",2012,8,0.0,"IMD GRID MODEL"
"Uttar Pradesh","Mirzapur","2012-08-13",2012,8,0.0,"IMD GRID MODEL"
"Uttar Pradesh","Mirzapur","2012-08-11",2012,8,0.0,"IMD GRID MODEL"
"Uttar Pradesh","Mirzapur","2012-08-14",2012,8,0.0,"IMD GRID MODEL"
"Uttar Pradesh","Mirzapur","2012-08-15",2012,8,0.0,"IMD GRID MODEL"
"Uttar Pradesh","Mirzapur","2012-08-16",2012,8,0.0,"IMD GRID MODEL"
"Uttar Pradesh","Mirzapur","2012-08-17",2012,8,0.0,"IMD GRID MODEL"
"Uttar Pradesh","Mirzapur","2012-08-19",2012,8,0.0,"IMD GRID MODEL"
"Uttar Pradesh","Mirzapur","2012-08-20",2012,8,0.0043956972,"IMD GRID MODEL"
"Uttar Pradesh","Mirzapur","2012-08-21",2012,8,0.0,"IMD GRID MODEL"
"Uttar Pradesh","Mirzapur","2012-08-18",2012,8,0.0,"IMD GRID MODEL"
"Uttar Pradesh","Mirzapur","2012-08-22",2012,8,0.0,"IMD GRID MODEL"
"Uttar Pradesh","Mirzapur","2012-08-23",2012,8,1.521279617,"IMD GRID MODEL"
"Uttar Pradesh","Mirzapur","2012-08-24",2012,8,18.6088133129,"IMD GRID MODEL"
"Uttar Pradesh","Mirzapur","2012-08-25",2012,8,0.0435762772,"IMD GRID MODEL"
"Uttar Pradesh","Mirzapur","2012-08-26",2012,8,30.1859222016,"IMD GRID MODEL"
"Uttar Pradesh","Mirzapur","2012-08-27",2012,8,0.0002284825,"IMD GRID MODEL"
"Uttar Pradesh","Mirzapur","2012-08-28",2012,8,1.8238413519,"IMD GRID MODEL"
"Uttar Pradesh","Mirzapur","2012-08-29",2012,8,3.4176855399,"IMD GRID MODEL"
"Uttar Pradesh","Mirzapur","2012-08-30",2012,8,0.0,"IMD GRID MODEL"
"Uttar Pradesh","Mirzapur","2012-08-31",2012,8,6.1582642748,"IMD GRID MODEL"
"Uttar Pradesh","Mirzapur","2012-12-01",2012,12,0.0,"IMD GRID MODEL"
"Uttar Pradesh","Mirzapur","2012-12-02",2012,12,0.0,"IMD GRID MODEL"
"Uttar Pradesh","Mirzapur","2012-12-03",2012,12,0.0,"IMD GRID MODEL"
"Uttar Pradesh","Mirzapur","2012-12-04",2012,12,0.0,"IMD GRID MODEL"
"Uttar Pradesh","Mirzapur","2012-12-05",2012,12,0.0,"IMD GRID MODEL"
"Uttar Pradesh","Mirzapur","2012-12-06",2012,12,0.0,"IMD GRID MODEL"
"Uttar Pradesh","Mirzapur","2012-12-07",2012,12,0.0,"IMD GRID MODEL"
"Uttar Pradesh","Mirzapur","2012-12-08",2012,12,0.151255562,"IMD GRID MODEL"
"Uttar Pradesh","Mirzapur","2012-12-09",2012,12,5.7221561122,"IMD GRID MODEL"
"Uttar Pradesh","Mirzapur","2012-12-10",2012,12,0.0,"IMD GRID MODEL"
"Uttar Pradesh","Mirzapur","2012-12-11",2012,12,0.0,"IMD GRID MODEL"
"Uttar Pradesh","Mirzapur","2012-12-12",2012,12,0.0,"IMD GRID MODEL"
"Uttar Pradesh","Mirzapur","2012-12-13",2012,12,0.0,"IMD GRID MODEL"
"Uttar Pradesh","Mirzapur","2012-12-14",2012,12,0.0020902955,"IMD GRID MODEL"
"Uttar Pradesh","Mirzapur","2012-12-15",2012,12,0.0,"IMD GRID MODEL"
"Uttar Pradesh","Mirzapur","2012-12-16",2012,12,0.0,"IMD GRID MODEL"
"Uttar Pradesh","Mirzapur","2012-12-17",2012,12,0.0,"IMD GRID MODEL"
"Uttar Pradesh","Mirzapur","2012-12-18",2012,12,0.0,"IMD GRID MODEL"
"Uttar Pradesh","Mirzapur","2012-12-19",2012,12,0.0,"IMD GRID MODEL"
"Uttar Pradesh","Mirzapur","2012-12-20",2012,12,0.0,"IMD GRID MODEL"
"Uttar Pradesh","Mirzapur","2012-12-21",2012,12,0.0,"IMD GRID MODEL"
"Uttar Pradesh","Mirzapur","2012-12-22",2012,12,0.0,"IMD GRID MODEL"
"Uttar Pradesh","Mirzapur","2012-12-23",2012,12,0.1162350213,"IMD GRID MODEL"
"Uttar Pradesh","Mirzapur","2012-12-24",2012,12,0.0,"IMD GRID MODEL"
"Uttar Pradesh","Mirzapur","2012-12-25",2012,12,0.0,"IMD GRID MODEL"
"Uttar Pradesh","Mirzapur","2012-12-26",2012,12,0.0,"IMD GRID MODEL"
"Uttar Pradesh","Mirzapur","2012-12-27",2012,12,0.0,"IMD GRID MODEL"
"Uttar Pradesh","Mirzapur","2012-12-28",2012,12,0.0,"IMD GRID MODEL"
"Uttar Pradesh","Mirzapur","2012-12-29",2012,12,0.0,"IMD GRID MODEL"
"Uttar Pradesh","Mirzapur","2012-12-30",2012,12,0.0,"IMD GRID MODEL"
"Uttar Pradesh","Mirzapur","2012-12-31",2012,12,0.0,"IMD GRID MODEL"
"Uttar Pradesh","Mirzapur","2012-02-01",2012,2,0.0,"IMD GRID MODEL"
"Uttar Pradesh","Mirzapur","2012-02-02",2012,2,0.0,"IMD GRID MODEL"
"Uttar Pradesh","Mirzapur","2012-02-03",2012,2,0.0,"IMD GRID MODEL"
"Uttar Pradesh","Mirzapur","2012-02-04",2012,2,0.0,"IMD GRID MODEL"
"Uttar Pradesh","Mirzapur","2012-02-05",2012,2,0.0,"IMD GRID MODEL"
"Uttar Pradesh","Mirzapur","2012-02-06",2012,2,0.0,"IMD GRID MODEL"
"Uttar Pradesh","Mirzapur","2012-02-07",2012,2,0.0,"IMD GRID MODEL"
"Uttar Pradesh","Mirzapur","2012-02-08",2012,2,0.0,"IMD GRID MODEL"
"Uttar Pradesh","Mirzapur","2012-02-09",2012,2,0.0,"IMD GRID MODEL"
"Uttar Pradesh","Mirzapur","2012-02-10",2012,2,0.0,"IMD GRID MODEL"
"Uttar Pradesh","Mirzapur","2012-02-11",2012,2,0.0,"IMD GRID MODEL"
"Uttar Pradesh","Mirzapur","2012-02-12",2012,2,0.0,"IMD GRID MODEL"
"Uttar Pradesh","Mirzapur","2012-02-13",2012,2,0.0,"IMD GRID MODEL"
"Uttar Pradesh","Mirzapur","2012-02-14",2012,2,0.0,"IMD GRID MODEL"
"Uttar Pradesh","Mirzapur","2012-02-15",2012,2,0.0,"IMD GRID MODEL"
"Uttar Pradesh","Mirzapur","2012-02-16",2012,2,4.0927641302,"IMD GRID MODEL"
"Uttar Pradesh","Mirzapur","2012-02-17",2012,2,0.0,"IMD GRID MODEL"
"Uttar Pradesh","Mirzapur","2012-02-18",2012,2,0.0,"IMD GRID MODEL"
"Uttar Pradesh","Mirzapur","2012-02-19",2012,2,1.4492282785,"IMD GRID MODEL"
"Uttar Pradesh","Mirzapur","2012-02-20",2012,2,0.0,"IMD GRID MODEL"
"Uttar Pradesh","Mirzapur","2012-02-21",2012,2,0.0,"IMD GRID MODEL"
"Uttar Pradesh","Mirzapur","2012-02-22",2012,2,0.0,"IMD GRID MODEL"
"Uttar Pradesh","Mirzapur","2012-02-23",2012,2,0.0,"IMD GRID MODEL"
"Uttar Pradesh","Mirzapur","2012-02-24",2012,2,0.0,"IMD GRID MODEL"
"Uttar Pradesh","Mirzapur","2012-02-25",2012,2,0.0,"IMD GRID MODEL"
"Uttar Pradesh","Mirzapur","2012-02-26",2012,2,0.0,"IMD GRID MODEL"
"Uttar Pradesh","Mirzapur","2012-02-28",2012,2,0.0,"IMD GRID MODEL"
"Uttar Pradesh","Mirzapur","2012-02-27",2012,2,0.0,"IMD GRID MODEL"
"Uttar Pradesh","Mirzapur","2012-02-29",2012,2,0.0,"IMD GRID MODEL"
"Uttar Pradesh","Mirzapur","2012-01-01",2012,1,0.0,"IMD GRID MODEL"
"Uttar Pradesh","Mirzapur","2012-01-02",2012,1,0.0,"IMD GRID MODEL"
"Uttar Pradesh","Mirzapur","2012-01-03",2012,1,0.0,"IMD GRID MODEL"
"Uttar Pradesh","Mirzapur","2012-01-04",2012,1,0.0,"IMD GRID MODEL"
"Uttar Pradesh","Mirzapur","2012-01-05",2012,1,0.0,"IMD GRID MODEL"
"Uttar Pradesh","Mirzapur","2012-01-06",2012,1,0.0,"IMD GRID MODEL"
"Uttar Pradesh","Mirzapur","2012-01-07",2012,1,0.0,"IMD GRID MODEL"
"Uttar Pradesh","Mirzapur","2012-01-08",2012,1,0.3959222649,"IMD GRID MODEL"
"Uttar Pradesh","Mirzapur","2012-01-09",2012,1,2.502672024,"IMD GRID MODEL"
"Uttar Pradesh","Mirzapur","2012-01-10",2012,1,0.0,"IMD GRID MODEL"
"Uttar Pradesh","Mirzapur","2012-01-11",2012,1,0.0,"IMD GRID MODEL"
"Uttar Pradesh","Mirzapur","2012-01-12",2012,1,0.0,"IMD GRID MODEL"
"Uttar Pradesh","Mirzapur","2012-01-13",2012,1,0.0,"IMD GRID MODEL"
"Uttar Pradesh","Mirzapur","2012-01-14",2012,1,0.0,"IMD GRID MODEL"
"Uttar Pradesh","Mirzapur","2012-01-15",2012,1,0.0,"IMD GRID MODEL"
"Uttar Pradesh","Mirzapur","2012-01-16",2012,1,0.0,"IMD GRID MODEL"
"Uttar Pradesh","Mirzapur","2012-01-17",2012,1,0.0,"IMD GRID MODEL"
"Uttar Pradesh","Mirzapur","2012-01-18",2012,1,0.0,"IMD GRID MODEL"
"Uttar Pradesh","Mirzapur","2012-01-19",2012,1,0.0,"IMD GRID MODEL"
"Uttar Pradesh","Mirzapur","2012-01-20",2012,1,0.0,"IMD GRID MODEL"
"Uttar Pradesh","Mirzapur","2012-01-21",2012,1,0.0,"IMD GRID MODEL"
"Uttar Pradesh","Mirzapur","2012-01-22",2012,1,0.0,"IMD GRID MODEL"
"Uttar Pradesh","Mirzapur","2012-01-23",2012,1,0.0,"IMD GRID MODEL"
"Uttar Pradesh","Mirzapur","2012-01-24",2012,1,0.0,"IMD GRID MODEL"
"Uttar Pradesh","Mirzapur","2012-01-25",2012,1,0.0,"IMD GRID MODEL"
"Uttar Pradesh","Mirzapur","2012-01-26",2012,1,0.0,"IMD GRID MODEL"
"Uttar Pradesh","Mirzapur","2012-01-27",2012,1,0.0,"IMD GRID MODEL"
"Uttar Pradesh","Mirzapur","2012-01-28",2012,1,0.0,"IMD GRID MODEL"
"Uttar Pradesh","Mirzapur","2012-01-29",2012,1,0.0,"IMD GRID MODEL"
"Uttar Pradesh","Mirzapur","2012-01-30",2012,1,0.0,"IMD GRID MODEL"
"Uttar Pradesh","Mirzapur","2012-01-31",2012,1,0.0,"IMD GRID MODEL"
"Uttar Pradesh","Mirzapur","2012-07-02",2012,7,0.0,"IMD GRID MODEL"
"Uttar Pradesh","Mirzapur","2012-07-03",2012,7,0.0,"IMD GRID MODEL"
"Uttar Pradesh","Mirzapur","2012-07-04",2012,7,0.0,"IMD GRID MODEL"
"Uttar Pradesh","Mirzapur","2012-07-05",2012,7,0.0,"IMD GRID MODEL"
"Uttar Pradesh","Mirzapur","2012-07-01",2012,7,0.0,"IMD GRID MODEL"
"Uttar Pradesh","Mirzapur","2012-07-06",2012,7,0.0,"IMD GRID MODEL"
"Uttar Pradesh","Mirzapur","2012-07-07",2012,7,0.0,"IMD GRID MODEL"
"Uttar Pradesh","Mirzapur","2012-07-08",2012,7,0.0,"IMD GRID MODEL"
"Uttar Pradesh","Mirzapur","2012-07-09",2012,7,0.0,"IMD GRID MODEL"
"Uttar Pradesh","Mirzapur","2012-07-10",2012,7,0.0,"IMD GRID MODEL"
"Uttar Pradesh","Mirzapur","2012-07-11",2012,7,0.1118230073,"IMD GRID MODEL"
"Uttar Pradesh","Mirzapur","2012-07-12",2012,7,0.0,"IMD GRID MODEL"
"Uttar Pradesh","Mirzapur","2012-07-13",2012,7,0.0,"IMD GRID MODEL"
"Uttar Pradesh","Mirzapur","2012-07-14",2012,7,0.0,"IMD GRID MODEL"
"Uttar Pradesh","Mirzapur","2012-07-15",2012,7,0.1198027165,"IMD GRID MODEL"
"Uttar Pradesh","Mirzapur","2012-07-16",2012,7,0.0,"IMD GRID MODEL"
"Uttar Pradesh","Mirzapur","2012-07-17",2012,7,0.0,"IMD GRID MODEL"
"Uttar Pradesh","Mirzapur","2012-07-18",2012,7,0.0,"IMD GRID MODEL"
"Uttar Pradesh","Mirzapur","2012-07-19",2012,7,0.0,"IMD GRID MODEL"
"Uttar Pradesh","Mirzapur","2012-07-20",2012,7,0.0,"IMD GRID MODEL"
"Uttar Pradesh","Mirzapur","2012-07-21",2012,7,0.0,"IMD GRID MODEL"
"Uttar Pradesh","Mirzapur","2012-07-22",2012,7,0.0,"IMD GRID MODEL"
"Uttar Pradesh","Mirzapur","2012-07-23",2012,7,0.0,"IMD GRID MODEL"
"Uttar Pradesh","Mirzapur","2012-07-24",2012,7,0.0,"IMD GRID MODEL"
"Uttar Pradesh","Mirzapur","2012-07-25",2012,7,0.0,"IMD GRID MODEL"
"Uttar Pradesh","Mirzapur","2012-07-26",2012,7,0.0,"IMD GRID MODEL"
"Uttar Pradesh","Mirzapur","2012-07-27",2012,7,0.0,"IMD GRID MODEL"
"Uttar Pradesh","Mirzapur","2012-07-28",2012,7,0.0,"IMD GRID MODEL"
"Uttar Pradesh","Mirzapur","2012-07-29",2012,7,0.0,"IMD GRID MODEL"
"Uttar Pradesh","Mirzapur","2012-07-30",2012,7,0.0,"IMD GRID MODEL"
"Uttar Pradesh","Mirzapur","2012-07-31",2012,7,0.0,"IMD GRID MODEL"
"Uttar Pradesh","Mirzapur","2012-06-01",2012,6,0.0,"IMD GRID MODEL"
"Uttar Pradesh","Mirzapur","2012-06-02",2012,6,0.0,"IMD GRID MODEL"
"Uttar Pradesh","Mirzapur","2012-06-03",2012,6,0.0,"IMD GRID MODEL"
"Uttar Pradesh","Mirzapur","2012-06-04",2012,6,0.0,"IMD GRID MODEL"
"Uttar Pradesh","Mirzapur","2012-06-05",2012,6,0.0,"IMD GRID MODEL"
"Uttar Pradesh","Mirzapur","2012-06-06",2012,6,0.0,"IMD GRID MODEL"
"Uttar Pradesh","Mirzapur","2012-06-07",2012,6,0.0,"IMD GRID MODEL"
"Uttar Pradesh","Mirzapur","2012-06-08",2012,6,0.0,"IMD GRID MODEL"
"Uttar Pradesh","Mirzapur","2012-06-09",2012,6,0.0,"IMD GRID MODEL"
"Uttar Pradesh","Mirzapur","2012-06-10",2012,6,0.0,"IMD GRID MODEL"
"Uttar Pradesh","Mirzapur","2012-06-11",2012,6,6.0225641728,"IMD GRID MODEL"
"Uttar Pradesh","Mirzapur","2012-06-12",2012,6,0.3866036409,"IMD GRID MODEL"
"Uttar Pradesh","Mirzapur","2012-06-13",2012,6,0.0,"IMD GRID MODEL"
"Uttar Pradesh","Mirzapur","2012-06-14",2012,6,0.0,"IMD GRID MODEL"
"Uttar Pradesh","Mirzapur","2012-06-15",2012,6,0.0,"IMD GRID MODEL"
"Uttar Pradesh","Mirzapur","2012-06-16",2012,6,0.0,"IMD GRID MODEL"
"Uttar Pradesh","Mirzapur","2012-06-17",2012,6,11.9983150078,"IMD GRID MODEL"
"Uttar Pradesh","Mirzapur","2012-06-18",2012,6,0.1951071672,"IMD GRID MODEL"
"Uttar Pradesh","Mirzapur","2012-06-19",2012,6,0.0,"IMD GRID MODEL"
"Uttar Pradesh","Mirzapur","2012-06-20",2012,6,0.007437533,"IMD GRID MODEL"
"Uttar Pradesh","Mirzapur","2012-06-21",2012,6,0.0,"IMD GRID MODEL"
"Uttar Pradesh","Mirzapur","2012-06-22",2012,6,0.0,"IMD GRID MODEL"
"Uttar Pradesh","Mirzapur","2012-06-23",2012,6,0.0,"IMD GRID MODEL"
"Uttar Pradesh","Mirzapur","2012-06-24",2012,6,0.0,"IMD GRID MODEL"
"Uttar Pradesh","Mirzapur","2012-06-25",2012,6,0.0,"IMD GRID MODEL"
"Uttar Pradesh","Mirzapur","2012-06-27",2012,6,0.0,"IMD GRID MODEL"
"Uttar Pradesh","Mirzapur","2012-06-28",2012,6,0.0,"IMD GRID MODEL"
"Uttar Pradesh","Mirzapur","2012-06-29",2012,6,0.0,"IMD GRID MODEL"
"Uttar Pradesh","Mirzapur","2012-06-30",2012,6,0.0,"IMD GRID MODEL"
"Uttar Pradesh","Mirzapur","2012-06-26",2012,6,0.0,"IMD GRID MODEL"
"Uttar Pradesh","Mirzapur","2012-03-03",2012,3,0.0,"IMD GRID MODEL"
"Uttar Pradesh","Mirzapur","2012-03-02",2012,3,0.0,"IMD GRID MODEL"
"Uttar Pradesh","Mirzapur","2012-03-06",2012,3,0.0,"IMD GRID MODEL"
"Uttar Pradesh","Mirzapur","2012-03-07",2012,3,1.6732001402,"IMD GRID MODEL"
"Uttar Pradesh","Mirzapur","2012-03-04",2012,3,0.0,"IMD GRID MODEL"
"Uttar Pradesh","Mirzapur","2012-03-05",2012,3,0.0,"IMD GRID MODEL"
"Uttar Pradesh","Mirzapur","2012-03-08",2012,3,19.9988680439,"IMD GRID MODEL"
"Uttar Pradesh","Mirzapur","2012-03-09",2012,3,0.0,"IMD GRID MODEL"
"Uttar Pradesh","Mirzapur","2012-03-11",2012,3,0.0,"IMD GRID MODEL"
"Uttar Pradesh","Mirzapur","2012-03-12",2012,3,0.0,"IMD GRID MODEL"
"Uttar Pradesh","Mirzapur","2012-03-13",2012,3,0.5432040678,"IMD GRID MODEL"
"Uttar Pradesh","Mirzapur","2012-03-14",2012,3,0.0,"IMD GRID MODEL"
"Uttar Pradesh","Mirzapur","2012-03-15",2012,3,0.0903059461,"IMD GRID MODEL"
"Uttar Pradesh","Mirzapur","2012-03-16",2012,3,0.0,"IMD GRID MODEL"
"Uttar Pradesh","Mirzapur","2012-03-17",2012,3,0.0,"IMD GRID MODEL"
"Uttar Pradesh","Mirzapur","2012-03-18",2012,3,0.0,"IMD GRID MODEL"
"Uttar Pradesh","Mirzapur","2012-03-19",2012,3,0.0,"IMD GRID MODEL"
"Uttar Pradesh","Mirzapur","2012-03-20",2012,3,0.0,"IMD GRID MODEL"
"Uttar Pradesh","Mirzapur","2012-03-21",2012,3,0.0,"IMD GRID MODEL"
"Uttar Pradesh","Mirzapur","2012-03-10",2012,3,0.0,"IMD GRID MODEL"
"Uttar Pradesh","Mirzapur","2012-03-24",2012,3,0.0,"IMD GRID MODEL"
"Uttar Pradesh","Mirzapur","2012-03-25",2012,3,0.0017043106,"IMD GRID MODEL"
"Uttar Pradesh","Mirzapur","2012-03-26",2012,3,0.0,"IMD GRID MODEL"
"Uttar Pradesh","Mirzapur","2012-03-22",2012,3,0.0,"IMD GRID MODEL"
"Uttar Pradesh","Mirzapur","2012-03-23",2012,3,0.0495062514,"IMD GRID MODEL"
"Uttar Pradesh","Mirzapur","2012-03-27",2012,3,0.0,"IMD GRID MODEL"
"Uttar Pradesh","Mirzapur","2012-03-28",2012,3,0.0,"IMD GRID MODEL"
"Uttar Pradesh","Mirzapur","2012-03-29",2012,3,0.0,"IMD GRID MODEL"
"Uttar Pradesh","Mirzapur","2012-03-01",2012,3,0.0,"IMD GRID MODEL"
"Uttar Pradesh","Mirzapur","2012-03-30",2012,3,0.0,"IMD GRID MODEL"
"Uttar Pradesh","Mirzapur","2012-03-31",2012,3,0.0,"IMD GRID MODEL"
"Uttar Pradesh","Mirzapur","2012-05-01",2012,5,0.0,"IMD GRID MODEL"
"Uttar Pradesh","Mirzapur","2012-05-02",2012,5,0.0,"IMD GRID MODEL"
"Uttar Pradesh","Mirzapur","2012-05-03",2012,5,0.0,"IMD GRID MODEL"
"Uttar Pradesh","Mirzapur","2012-05-04",2012,5,0.0,"IMD GRID MODEL"
"Uttar Pradesh","Mirzapur","2012-05-05",2012,5,0.0,"IMD GRID MODEL"
"Uttar Pradesh","Mirzapur","2012-05-06",2012,5,0.0,"IMD GRID MODEL"
"Uttar Pradesh","Mirzapur","2012-05-07",2012,5,0.0,"IMD GRID MODEL"
"Uttar Pradesh","Mirzapur","2012-05-08",2012,5,0.0,"IMD GRID MODEL"
"Uttar Pradesh","Mirzapur","2012-05-09",2012,5,0.0,"IMD GRID MODEL"
"Uttar Pradesh","Mirzapur","2012-05-10",2012,5,0.0,"IMD GRID MODEL"
"Uttar Pradesh","Mirzapur","2012-05-11",2012,5,0.0,"IMD GRID MODEL"
"Uttar Pradesh","Mirzapur","2012-05-12",2012,5,0.0,"IMD GRID MODEL"
"Uttar Pradesh","Mirzapur","2012-05-13",2012,5,0.0,"IMD GRID MODEL"
"Uttar Pradesh","Mirzapur","2012-05-14",2012,5,0.0,"IMD GRID MODEL"
"Uttar Pradesh","Mirzapur","2012-05-15",2012,5,0.0,"IMD GRID MODEL"
"Uttar Pradesh","Mirzapur","2012-05-16",2012,5,0.0,"IMD GRID MODEL"
"Uttar Pradesh","Mirzapur","2012-05-17",2012,5,0.0,"IMD GRID MODEL"
"Uttar Pradesh","Mirzapur","2012-05-18",2012,5,2.4978840671,"IMD GRID MODEL"
"Uttar Pradesh","Mirzapur","2012-05-19",2012,5,0.7166907521,"IMD GRID MODEL"
"Uttar Pradesh","Mirzapur","2012-05-20",2012,5,0.0,"IMD GRID MODEL"
"Uttar Pradesh","Mirzapur","2012-05-21",2012,5,0.0,"IMD GRID MODEL"
"Uttar Pradesh","Mirzapur","2012-05-22",2012,5,3.118585342,"IMD GRID MODEL"
"Uttar Pradesh","Mirzapur","2012-05-23",2012,5,1.1373663591,"IMD GRID MODEL"
"Uttar Pradesh","Mirzapur","2012-05-24",2012,5,0.0,"IMD GRID MODEL"
"Uttar Pradesh","Mirzapur","2012-05-25",2012,5,0.0,"IMD GRID MODEL"
"Uttar Pradesh","Mirzapur","2012-05-26",2012,5,0.0,"IMD GRID MODEL"
"Uttar Pradesh","Mirzapur","2012-05-27",2012,5,0.0,"IMD GRID MODEL"
"Uttar Pradesh","Mirzapur","2012-05-28",2012,5,0.0,"IMD GRID MODEL"
"Uttar Pradesh","Mirzapur","2012-05-29",2012,5,0.0,"IMD GRID MODEL"
"Uttar Pradesh","Mirzapur","2012-05-30",2012,5,0.0,"IMD GRID MODEL"
"Uttar Pradesh","Mirzapur","2012-05-31",2012,5,0.0,"IMD GRID MODEL"
"Uttar Pradesh","Mirzapur","2012-11-02",2012,11,3.3467597751,"IMD GRID MODEL"
"Uttar Pradesh","Mirzapur","2012-11-03",2012,11,0.9804800848,"IMD GRID MODEL"
"Uttar Pradesh","Mirzapur","2012-11-04",2012,11,1.9695093682,"IMD GRID MODEL"
"Uttar Pradesh","Mirzapur","2012-11-05",2012,11,0.0231304462,"IMD GRID MODEL"
"Uttar Pradesh","Mirzapur","2012-11-01",2012,11,13.3463340286,"IMD GRID MODEL"
"Uttar Pradesh","Mirzapur","2012-11-06",2012,11,0.0,"IMD GRID MODEL"
"Uttar Pradesh","Mirzapur","2012-11-07",2012,11,0.1089526626,"IMD GRID MODEL"
"Uttar Pradesh","Mirzapur","2012-11-08",2012,11,20.4795840523,"IMD GRID MODEL"
"Uttar Pradesh","Mirzapur","2012-11-09",2012,11,2.5816972048,"IMD GRID MODEL"
"Uttar Pradesh","Mirzapur","2012-11-10",2012,11,1.1317841502,"IMD GRID MODEL"
"Uttar Pradesh","Mirzapur","2012-11-11",2012,11,5.3751936689,"IMD GRID MODEL"
"Uttar Pradesh","Mirzapur","2012-11-12",2012,11,5.4588073357,"IMD GRID MODEL"
"Uttar Pradesh","Mirzapur","2012-11-13",2012,11,1.2106896624,"IMD GRID MODEL"
"Uttar Pradesh","Mirzapur","2012-11-14",2012,11,0.3843024666,"IMD GRID MODEL"
"Uttar Pradesh","Mirzapur","2012-11-15",2012,11,12.1001844359,"IMD GRID MODEL"
"Uttar Pradesh","Mirzapur","2012-11-16",2012,11,2.1528566109,"IMD GRID MODEL"
"Uttar Pradesh","Mirzapur","2012-11-17",2012,11,0.0,"IMD GRID MODEL"
"Uttar Pradesh","Mirzapur","2012-11-18",2012,11,40.4311104536,"IMD GRID MODEL"
"Uttar Pradesh","Mirzapur","2012-11-19",2012,11,29.4376381079,"IMD GRID MODEL"
"Uttar Pradesh","Mirzapur","2012-11-20",2012,11,49.4698519048,"IMD GRID MODEL"
"Uttar Pradesh","Mirzapur","2012-11-21",2012,11,44.4380440669,"IMD GRID MODEL"
"Uttar Pradesh","Mirzapur","2012-11-22",2012,11,16.8940543222,"IMD GRID MODEL"
"Uttar Pradesh","Mirzapur","2012-11-23",2012,11,11.3993971534,"IMD GRID MODEL"
"Uttar Pradesh","Mirzapur","2012-11-24",2012,11,2.2347219409,"IMD GRID MODEL"
"Uttar Pradesh","Mirzapur","2012-11-25",2012,11,0.0,"IMD GRID MODEL"
"Uttar Pradesh","Mirzapur","2012-11-26",2012,11,0.0763279632,"IMD GRID MODEL"
"Uttar Pradesh","Mirzapur","2012-11-27",2012,11,0.0,"IMD GRID MODEL"
"Uttar Pradesh","Mirzapur","2012-11-28",2012,11,0.0,"IMD GRID MODEL"
"Uttar Pradesh","Mirzapur","2012-11-29",2012,11,0.0,"IMD GRID MODEL"
"Uttar Pradesh","Mirzapur","2012-11-30",2012,11,0.0,"IMD GRID MODEL"
"Uttar Pradesh","Mirzapur","2012-10-02",2012,10,11.4811947689,"IMD GRID MODEL"
"Uttar Pradesh","Mirzapur","2012-10-03",2012,10,26.9070919701,"IMD GRID MODEL"
"Uttar Pradesh","Mirzapur","2012-10-04",2012,10,7.8288827051,"IMD GRID MODEL"
"Uttar Pradesh","Mirzapur","2012-10-05",2012,10,18.8251290602,"IMD GRID MODEL"
"Uttar Pradesh","Mirzapur","2012-10-06",2012,10,7.0127537425,"IMD GRID MODEL"
"Uttar Pradesh","Mirzapur","2012-10-01",2012,10,7.967250056,"IMD GRID MODEL"
"Uttar Pradesh","Mirzapur","2012-10-07",2012,10,7.9256503478,"IMD GRID MODEL"
"Uttar Pradesh","Mirzapur","2012-10-08",2012,10,36.0417680981,"IMD GRID MODEL"
"Uttar Pradesh","Mirzapur","2012-10-09",2012,10,13.3617492413,"IMD GRID MODEL"
"Uttar Pradesh","Mirzapur","2012-10-10",2012,10,7.3037332759,"IMD GRID MODEL"
"Uttar Pradesh","Mirzapur","2012-10-11",2012,10,1.3304679686,"IMD GRID MODEL"
"Uttar Pradesh","Mirzapur","2012-10-12",2012,10,10.2287156878,"IMD GRID MODEL"
"Uttar Pradesh","Mirzapur","2012-10-13",2012,10,0.0937828873,"IMD GRID MODEL"
"Uttar Pradesh","Mirzapur","2012-10-14",2012,10,1.919047688,"IMD GRID MODEL"
"Uttar Pradesh","Mirzapur","2012-10-15",2012,10,9.6134716482,"IMD GRID MODEL"
"Uttar Pradesh","Mirzapur","2012-10-16",2012,10,8.7512189382,"IMD GRID MODEL"
"Uttar Pradesh","Mirzapur","2012-10-17",2012,10,15.8130327467,"IMD GRID MODEL"
"Uttar Pradesh","Mirzapur","2012-10-18",2012,10,5.7448559886,"IMD GRID MODEL"
"Uttar Pradesh","Mirzapur","2012-10-19",2012,10,2.1326185214,"IMD GRID MODEL"
"Uttar Pradesh","Mirzapur","2012-10-20",2012,10,0.0346945287,"IMD GRID MODEL"
"Uttar Pradesh","Mirzapur","2012-10-21",2012,10,7.9852143437,"IMD GRID MODEL"
"Uttar Pradesh","Mirzapur","2012-10-22",2012,10,0.4135736483,"IMD GRID MODEL"
"Uttar Pradesh","Mirzapur","2012-10-23",2012,10,6.2850123063,"IMD GRID MODEL"
"Uttar Pradesh","Mirzapur","2012-10-24",2012,10,0.7941315549,"IMD GRID MODEL"
"Uttar Pradesh","Mirzapur","2012-10-25",2012,10,0.0,"IMD GRID MODEL"
"Uttar Pradesh","Mirzapur","2012-10-26",2012,10,0.8748402694,"IMD GRID MODEL"
"Uttar Pradesh","Mirzapur","2012-10-27",2012,10,15.6653421425,"IMD GRID MODEL"
"Uttar Pradesh","Mirzapur","2012-10-28",2012,10,7.7027245689,"IMD GRID MODEL"
"Uttar Pradesh","Mirzapur","2012-10-29",2012,10,0.6139900359,"IMD GRID MODEL"
"Uttar Pradesh","Mirzapur","2012-10-30",2012,10,2.5569122347,"IMD GRID MODEL"
"Uttar Pradesh","Mirzapur","2012-10-31",2012,10,8.3748838139,"IMD GRID MODEL"
"Uttar Pradesh","Mirzapur","2012-09-01",2012,9,0.0439506976,"IMD GRID MODEL"
"Uttar Pradesh","Mirzapur","2012-09-02",2012,9,0.0,"IMD GRID MODEL"
"Uttar Pradesh","Mirzapur","2012-09-03",2012,9,0.0,"IMD GRID MODEL"
"Uttar Pradesh","Mirzapur","2012-09-04",2012,9,0.0,"IMD GRID MODEL"
"Uttar Pradesh","Mirzapur","2012-09-05",2012,9,0.3663525849,"IMD GRID MODEL"
"Uttar Pradesh","Mirzapur","2012-09-06",2012,9,0.0008417739,"IMD GRID MODEL"
"Uttar Pradesh","Mirzapur","2012-09-07",2012,9,0.0,"IMD GRID MODEL"
"Uttar Pradesh","Mirzapur","2012-09-08",2012,9,0.0,"IMD GRID MODEL"
"Uttar Pradesh","Mirzapur","2012-09-09",2012,9,9.8444105048,"IMD GRID MODEL"
"Uttar Pradesh","Mirzapur","2012-09-10",2012,9,21.5757248329,"IMD GRID MODEL"
"Uttar Pradesh","Mirzapur","2012-09-11",2012,9,70.428254452,"IMD GRID MODEL"
"Uttar Pradesh","Mirzapur","2012-09-12",2012,9,6.1641408612,"IMD GRID MODEL"
"Uttar Pradesh","Mirzapur","2012-09-13",2012,9,10.1947755354,"IMD GRID MODEL"
"Uttar Pradesh","Mirzapur","2012-09-14",2012,9,13.0218721617,"IMD GRID MODEL"
"Uttar Pradesh","Mirzapur","2012-09-15",2012,9,10.1684805833,"IMD GRID MODEL"
"Uttar Pradesh","Mirzapur","2012-09-16",2012,9,2.9585796765,"IMD GRID MODEL"
"Uttar Pradesh","Mirzapur","2012-09-17",2012,9,5.6525798494,"IMD GRID MODEL"
"Uttar Pradesh","Mirzapur","2012-09-18",2012,9,7.8941584945,"IMD GRID MODEL"
"Uttar Pradesh","Mirzapur","2012-09-19",2012,9,4.9864476334,"IMD GRID MODEL"
"Uttar Pradesh","Mirzapur","2012-09-20",2012,9,21.4397443476,"IMD GRID MODEL"
"Uttar Pradesh","Mirzapur","2012-09-21",2012,9,0.384663342,"IMD GRID MODEL"
"Uttar Pradesh","Mirzapur","2012-09-22",2012,9,1.765418811,"IMD GRID MODEL"
"Uttar Pradesh","Mirzapur","2012-09-23",2012,9,2.2244054948,"IMD GRID MODEL"
"Uttar Pradesh","Mirzapur","2012-09-24",2012,9,53.6047004566,"IMD GRID MODEL"
"Uttar Pradesh","Mirzapur","2012-09-25",2012,9,11.9924202139,"IMD GRID MODEL"
"Uttar Pradesh","Mirzapur","2012-09-26",2012,9,0.096918957,"IMD GRID MODEL"
"Uttar Pradesh","Mirzapur","2012-09-27",2012,9,2.1008586288,"IMD GRID MODEL"
"Uttar Pradesh","Mirzapur","2012-09-28",2012,9,1.6332890078,"IMD GRID MODEL"
"Uttar Pradesh","Mirzapur","2012-09-29",2012,9,16.199904785,"IMD GRID MODEL"
"Uttar Pradesh","Mirzapur","2012-09-30",2012,9,5.3322013713,"IMD GRID MODEL"
"Uttar Pradesh","Mirzapur","2013-04-01",2013,4,0.0,"IMD GRID MODEL"
"Uttar Pradesh","Mirzapur","2013-04-02",2013,4,0.0,"IMD GRID MODEL"
"Uttar Pradesh","Mirzapur","2013-04-03",2013,4,0.0,"IMD GRID MODEL"
"Uttar Pradesh","Mirzapur","2013-04-04",2013,4,0.0,"IMD GRID MODEL"
"Uttar Pradesh","Mirzapur","2013-04-05",2013,4,0.0,"IMD GRID MODEL"
"Uttar Pradesh","Mirzapur","2013-04-06",2013,4,0.0,"IMD GRID MODEL"
"Uttar Pradesh","Mirzapur","2013-04-07",2013,4,0.0,"IMD GRID MODEL"
"Uttar Pradesh","Mirzapur","2013-04-08",2013,4,0.0,"IMD GRID MODEL"
"Uttar Pradesh","Mirzapur","2013-04-09",2013,4,0.0,"IMD GRID MODEL"
"Uttar Pradesh","Mirzapur","2013-04-10",2013,4,0.0,"IMD GRID MODEL"
"Uttar Pradesh","Mirzapur","2013-04-11",2013,4,0.0177838062,"IMD GRID MODEL"
"Uttar Pradesh","Mirzapur","2013-04-12",2013,4,0.0,"IMD GRID MODEL"
"Uttar Pradesh","Mirzapur","2013-04-13",2013,4,0.3340555924,"IMD GRID MODEL"
"Uttar Pradesh","Mirzapur","2013-04-14",2013,4,0.0,"IMD GRID MODEL"
"Uttar Pradesh","Mirzapur","2013-04-15",2013,4,0.0,"IMD GRID MODEL"
"Uttar Pradesh","Mirzapur","2013-04-16",2013,4,0.0,"IMD GRID MODEL"
"Uttar Pradesh","Mirzapur","2013-04-17",2013,4,0.0,"IMD GRID MODEL"
"Uttar Pradesh","Mirzapur","2013-04-18",2013,4,0.0,"IMD GRID MODEL"
"Uttar Pradesh","Mirzapur","2013-04-19",2013,4,0.0,"IMD GRID MODEL"
"Uttar Pradesh","Mirzapur","2013-04-20",2013,4,0.0,"IMD GRID MODEL"
"Uttar Pradesh","Mirzapur","2013-04-21",2013,4,0.0,"IMD GRID MODEL"
"Uttar Pradesh","Mirzapur","2013-04-22",2013,4,18.6677401116,"IMD GRID MODEL"
"Uttar Pradesh","Mirzapur","2013-04-23",2013,4,39.898882303,"IMD GRID MODEL"
"Uttar Pradesh","Mirzapur","2013-04-24",2013,4,0.0,"IMD GRID MODEL"
"Uttar Pradesh","Mirzapur","2013-04-25",2013,4,0.0,"IMD GRID MODEL"
"Uttar Pradesh","Mirzapur","2013-04-26",2013,4,0.0,"IMD GRID MODEL"
"Uttar Pradesh","Mirzapur","2013-04-27",2013,4,0.0,"IMD GRID MODEL"
"Uttar Pradesh","Mirzapur","2013-04-28",2013,4,0.0,"IMD GRID MODEL"
"Uttar Pradesh","Mirzapur","2013-04-29",2013,4,0.0,"IMD GRID MODEL"
"Uttar Pradesh","Mirzapur","2013-04-30",2013,4,0.865509646,"IMD GRID MODEL"
"Uttar Pradesh","Mirzapur","2013-08-01",2013,8,0.0,"IMD GRID MODEL"
"Uttar Pradesh","Mirzapur","2013-08-02",2013,8,0.0,"IMD GRID MODEL"
"Uttar Pradesh","Mirzapur","2013-08-03",2013,8,0.0,"IMD GRID MODEL"
"Uttar Pradesh","Mirzapur","2013-08-04",2013,8,0.0,"IMD GRID MODEL"
"Uttar Pradesh","Mirzapur","2013-08-05",2013,8,0.422062991,"IMD GRID MODEL"
"Uttar Pradesh","Mirzapur","2013-08-06",2013,8,0.326577586,"IMD GRID MODEL"
"Uttar Pradesh","Mirzapur","2013-08-07",2013,8,0.2745852996,"IMD GRID MODEL"
"Uttar Pradesh","Mirzapur","2013-08-08",2013,8,0.0,"IMD GRID MODEL"
"Uttar Pradesh","Mirzapur","2013-08-09",2013,8,7.6264243467,"IMD GRID MODEL"
"Uttar Pradesh","Mirzapur","2013-08-10",2013,8,0.0,"IMD GRID MODEL"
"Uttar Pradesh","Mirzapur","2013-08-11",2013,8,0.9048077911,"IMD GRID MODEL"
"Uttar Pradesh","Mirzapur","2013-08-12",2013,8,0.0,"IMD GRID MODEL"
"Uttar Pradesh","Mirzapur","2013-08-13",2013,8,0.0564005883,"IMD GRID MODEL"
"Uttar Pradesh","Mirzapur","2013-08-14",2013,8,3.9917413511,"IMD GRID MODEL"
"Uttar Pradesh","Mirzapur","2013-08-15",2013,8,0.0,"IMD GRID MODEL"
"Uttar Pradesh","Mirzapur","2013-08-16",2013,8,0.0557011052,"IMD GRID MODEL"
"Uttar Pradesh","Mirzapur","2013-08-18",2013,8,0.2357998682,"IMD GRID MODEL"
"Uttar Pradesh","Mirzapur","2013-08-19",2013,8,0.0304314874,"IMD GRID MODEL"
"Uttar Pradesh","Mirzapur","2013-08-20",2013,8,6.9968948711,"IMD GRID MODEL"
"Uttar Pradesh","Mirzapur","2013-08-21",2013,8,2.5088514748,"IMD GRID MODEL"
"Uttar Pradesh","Mirzapur","2013-08-22",2013,8,2.62689527,"IMD GRID MODEL"
"Uttar Pradesh","Mirzapur","2013-08-17",2013,8,0.0,"IMD GRID MODEL"
"Uttar Pradesh","Mirzapur","2013-08-23",2013,8,9.6068469342,"IMD GRID MODEL"
"Uttar Pradesh","Mirzapur","2013-08-24",2013,8,10.2167173775,"IMD GRID MODEL"
"Uttar Pradesh","Mirzapur","2013-08-25",2013,8,0.0,"IMD GRID MODEL"
"Uttar Pradesh","Mirzapur","2013-08-26",2013,8,0.0,"IMD GRID MODEL"
"Uttar Pradesh","Mirzapur","2013-08-27",2013,8,0.3705633338,"IMD GRID MODEL"
"Uttar Pradesh","Mirzapur","2013-08-28",2013,8,0.418756596,"IMD GRID MODEL"
"Uttar Pradesh","Mirzapur","2013-08-29",2013,8,1.1909125848,"IMD GRID MODEL"
"Uttar Pradesh","Mirzapur","2013-08-30",2013,8,2.2286245983,"IMD GRID MODEL"
"Uttar Pradesh","Mirzapur","2013-08-31",2013,8,36.1370444726,"IMD GRID MODEL"
"Uttar Pradesh","Mirzapur","2013-12-01",2013,12,1.9320921201,"IMD GRID MODEL"
"Uttar Pradesh","Mirzapur","2013-12-02",2013,12,0.092542083,"IMD GRID MODEL"
"Uttar Pradesh","Mirzapur","2013-12-03",2013,12,3.4049125255,"IMD GRID MODEL"
"Uttar Pradesh","Mirzapur","2013-12-04",2013,12,3.1284738226,"IMD GRID MODEL"
"Uttar Pradesh","Mirzapur","2013-12-05",2013,12,0.8693748424,"IMD GRID MODEL"
"Uttar Pradesh","Mirzapur","2013-12-06",2013,12,0.3668378019,"IMD GRID MODEL"
"Uttar Pradesh","Mirzapur","2013-12-07",2013,12,1.1550206722,"IMD GRID MODEL"
"Uttar Pradesh","Mirzapur","2013-12-08",2013,12,0.0997048233,"IMD GRID MODEL"
"Uttar Pradesh","Mirzapur","2013-12-09",2013,12,44.9126951248,"IMD GRID MODEL"
"Uttar Pradesh","Mirzapur","2013-12-10",2013,12,4.9412392991,"IMD GRID MODEL"
"Uttar Pradesh","Mirzapur","2013-12-11",2013,12,4.2592099703,"IMD GRID MODEL"
"Uttar Pradesh","Mirzapur","2013-12-12",2013,12,11.3734087957,"IMD GRID MODEL"
"Uttar Pradesh","Mirzapur","2013-12-13",2013,12,0.083519973,"IMD GRID MODEL"
"Uttar Pradesh","Mirzapur","2013-12-14",2013,12,0.0,"IMD GRID MODEL"
"Uttar Pradesh","Mirzapur","2013-12-15",2013,12,1.9740557809,"IMD GRID MODEL"
"Uttar Pradesh","Mirzapur","2013-12-16",2013,12,0.0,"IMD GRID MODEL"
"Uttar Pradesh","Mirzapur","2013-12-17",2013,12,0.3092360034,"IMD GRID MODEL"
"Uttar Pradesh","Mirzapur","2013-12-18",2013,12,41.075285497,"IMD GRID MODEL"
"Uttar Pradesh","Mirzapur","2013-12-19",2013,12,7.6129273985,"IMD GRID MODEL"
"Uttar Pradesh","Mirzapur","2013-12-20",2013,12,0.6956416085,"IMD GRID MODEL"
"Uttar Pradesh","Mirzapur","2013-12-21",2013,12,0.011580296,"IMD GRID MODEL"
"Uttar Pradesh","Mirzapur","2013-12-22",2013,12,0.0,"IMD GRID MODEL"
"Uttar Pradesh","Mirzapur","2013-12-23",2013,12,4.4391569843,"IMD GRID MODEL"
"Uttar Pradesh","Mirzapur","2013-12-24",2013,12,0.0160549587,"IMD GRID MODEL"
"Uttar Pradesh","Mirzapur","2013-12-25",2013,12,0.0,"IMD GRID MODEL"
"Uttar Pradesh","Mirzapur","2013-12-26",2013,12,0.0,"IMD GRID MODEL"
"Uttar Pradesh","Mirzapur","2013-12-27",2013,12,0.0,"IMD GRID MODEL"
"Uttar Pradesh","Mirzapur","2013-12-28",2013,12,0.0,"IMD GRID MODEL"
"Uttar Pradesh","Mirzapur","2013-12-29",2013,12,0.0804374581,"IMD GRID MODEL"
"Uttar Pradesh","Mirzapur","2013-12-30",2013,12,0.0144329451,"IMD GRID MODEL"
"Uttar Pradesh","Mirzapur","2013-12-31",2013,12,0.0,"IMD GRID MODEL"
"Uttar Pradesh","Mirzapur","2013-02-01",2013,2,0.0,"IMD GRID MODEL"
"Uttar Pradesh","Mirzapur","2013-02-02",2013,2,0.0,"IMD GRID MODEL"
"Uttar Pradesh","Mirzapur","2013-02-03",2013,2,0.0,"IMD GRID MODEL"
"Uttar Pradesh","Mirzapur","2013-02-04",2013,2,0.0,"IMD GRID MODEL"
"Uttar Pradesh","Mirzapur","2013-02-05",2013,2,0.0,"IMD GRID MODEL"
"Uttar Pradesh","Mirzapur","2013-02-06",2013,2,0.0,"IMD GRID MODEL"
"Uttar Pradesh","Mirzapur","2013-02-07",2013,2,0.0,"IMD GRID MODEL"
"Uttar Pradesh","Mirzapur","2013-02-08",2013,2,0.0,"IMD GRID MODEL"
"Uttar Pradesh","Mirzapur","2013-02-09",2013,2,0.0,"IMD GRID MODEL"
"Uttar Pradesh","Mirzapur","2013-02-10",2013,2,0.0,"IMD GRID MODEL"
"Uttar Pradesh","Mirzapur","2013-02-11",2013,2,0.0,"IMD GRID MODEL"
"Uttar Pradesh","Mirzapur","2013-02-12",2013,2,0.0,"IMD GRID MODEL"
"Uttar Pradesh","Mirzapur","2013-02-13",2013,2,0.0,"IMD GRID MODEL"
"Uttar Pradesh","Mirzapur","2013-02-14",2013,2,0.0,"IMD GRID MODEL"
"Uttar Pradesh","Mirzapur","2013-02-15",2013,2,0.0,"IMD GRID MODEL"
"Uttar Pradesh","Mirzapur","2013-02-16",2013,2,0.0,"IMD GRID MODEL"
"Uttar Pradesh","Mirzapur","2013-02-17",2013,2,0.0,"IMD GRID MODEL"
"Uttar Pradesh","Mirzapur","2013-02-18",2013,2,0.0,"IMD GRID MODEL"
"Uttar Pradesh","Mirzapur","2013-02-19",2013,2,0.0,"IMD GRID MODEL"
"Uttar Pradesh","Mirzapur","2013-02-20",2013,2,0.0,"IMD GRID MODEL"
"Uttar Pradesh","Mirzapur","2013-02-21",2013,2,0.0,"IMD GRID MODEL"
"Uttar Pradesh","Mirzapur","2013-02-22",2013,2,0.0,"IMD GRID MODEL"
"Uttar Pradesh","Mirzapur","2013-02-23",2013,2,0.0,"IMD GRID MODEL"
"Uttar Pradesh","Mirzapur","2013-02-24",2013,2,0.0,"IMD GRID MODEL"
"Uttar Pradesh","Mirzapur","2013-02-25",2013,2,0.0,"IMD GRID MODEL"
"Uttar Pradesh","Mirzapur","2013-02-26",2013,2,0.0,"IMD GRID MODEL"
"Uttar Pradesh","Mirzapur","2013-02-27",2013,2,0.0,"IMD GRID MODEL"
"Uttar Pradesh","Mirzapur","2013-02-28",2013,2,0.0,"IMD GRID MODEL"
"Uttar Pradesh","Mirzapur","2013-01-01",2013,1,0.0,"IMD GRID MODEL"
"Uttar Pradesh","Mirzapur","2013-01-02",2013,1,0.0,"IMD GRID MODEL"
"Uttar Pradesh","Mirzapur","2013-01-03",2013,1,0.0,"IMD GRID MODEL"
"Uttar Pradesh","Mirzapur","2013-01-04",2013,1,0.0,"IMD GRID MODEL"
"Uttar Pradesh","Mirzapur","2013-01-05",2013,1,0.0,"IMD GRID MODEL"
"Uttar Pradesh","Mirzapur","2013-01-06",2013,1,0.0,"IMD GRID MODEL"
"Uttar Pradesh","Mirzapur","2013-01-07",2013,1,0.0,"IMD GRID MODEL"
"Uttar Pradesh","Mirzapur","2013-01-08",2013,1,0.0,"IMD GRID MODEL"
"Uttar Pradesh","Mirzapur","2013-01-09",2013,1,0.0,"IMD GRID MODEL"
"Uttar Pradesh","Mirzapur","2013-01-10",2013,1,0.0,"IMD GRID MODEL"
"Uttar Pradesh","Mirzapur","2013-01-11",2013,1,0.0,"IMD GRID MODEL"
"Uttar Pradesh","Mirzapur","2013-01-12",2013,1,0.0,"IMD GRID MODEL"
"Uttar Pradesh","Mirzapur","2013-01-13",2013,1,0.0,"IMD GRID MODEL"
"Uttar Pradesh","Mirzapur","2013-01-14",2013,1,0.0,"IMD GRID MODEL"
"Uttar Pradesh","Mirzapur","2013-01-15",2013,1,0.0,"IMD GRID MODEL"
"Uttar Pradesh","Mirzapur","2013-01-16",2013,1,0.0,"IMD GRID MODEL"
"Uttar Pradesh","Mirzapur","2013-01-17",2013,1,0.0,"IMD GRID MODEL"
"Uttar Pradesh","Mirzapur","2013-01-18",2013,1,0.0,"IMD GRID MODEL"
"Uttar Pradesh","Mirzapur","2013-01-19",2013,1,0.0,"IMD GRID MODEL"
"Uttar Pradesh","Mirzapur","2013-01-20",2013,1,0.0,"IMD GRID MODEL"
"Uttar Pradesh","Mirzapur","2013-01-21",2013,1,0.0,"IMD GRID MODEL"
"Uttar Pradesh","Mirzapur","2013-01-22",2013,1,0.0,"IMD GRID MODEL"
"Uttar Pradesh","Mirzapur","2013-01-23",2013,1,0.0,"IMD GRID MODEL"
"Uttar Pradesh","Mirzapur","2013-01-24",2013,1,0.0,"IMD GRID MODEL"
"Uttar Pradesh","Mirzapur","2013-01-25",2013,1,0.0,"IMD GRID MODEL"
"Uttar Pradesh","Mirzapur","2013-01-26",2013,1,0.0,"IMD GRID MODEL"
"Uttar Pradesh","Mirzapur","2013-01-27",2013,1,0.0,"IMD GRID MODEL"
"Uttar Pradesh","Mirzapur","2013-01-28",2013,1,0.0,"IMD GRID MODEL"
"Uttar Pradesh","Mirzapur","2013-01-29",2013,1,0.0,"IMD GRID MODEL"
"Uttar Pradesh","Mirzapur","2013-01-30",2013,1,0.0,"IMD GRID MODEL"
"Uttar Pradesh","Mirzapur","2013-01-31",2013,1,0.0,"IMD GRID MODEL"
"Uttar Pradesh","Mirzapur","2013-07-01",2013,7,0.0,"IMD GRID MODEL"
"Uttar Pradesh","Mirzapur","2013-07-02",2013,7,0.0,"IMD GRID MODEL"
"Uttar Pradesh","Mirzapur","2013-07-03",2013,7,0.0,"IMD GRID MODEL"
"Uttar Pradesh","Mirzapur","2013-07-04",2013,7,0.0,"IMD GRID MODEL"
"Uttar Pradesh","Mirzapur","2013-07-05",2013,7,0.0,"IMD GRID MODEL"
"Uttar Pradesh","Mirzapur","2013-07-06",2013,7,0.0,"IMD GRID MODEL"
"Uttar Pradesh","Mirzapur","2013-07-07",2013,7,0.0,"IMD GRID MODEL"
"Uttar Pradesh","Mirzapur","2013-07-08",2013,7,0.0,"IMD GRID MODEL"
"Uttar Pradesh","Mirzapur","2013-07-09",2013,7,0.0,"IMD GRID MODEL"
"Uttar Pradesh","Mirzapur","2013-07-10",2013,7,0.0,"IMD GRID MODEL"
"Uttar Pradesh","Mirzapur","2013-07-11",2013,7,0.0,"IMD GRID MODEL"
"Uttar Pradesh","Mirzapur","2013-07-12",2013,7,0.0,"IMD GRID MODEL"
"Uttar Pradesh","Mirzapur","2013-07-13",2013,7,0.0,"IMD GRID MODEL"
"Uttar Pradesh","Mirzapur","2013-07-14",2013,7,0.0,"IMD GRID MODEL"
"Uttar Pradesh","Mirzapur","2013-07-15",2013,7,0.0,"IMD GRID MODEL"
"Uttar Pradesh","Mirzapur","2013-07-16",2013,7,0.0,"IMD GRID MODEL"
"Uttar Pradesh","Mirzapur","2013-07-17",2013,7,0.0,"IMD GRID MODEL"
"Uttar Pradesh","Mirzapur","2013-07-18",2013,7,0.0,"IMD GRID MODEL"
"Uttar Pradesh","Mirzapur","2013-07-19",2013,7,0.0,"IMD GRID MODEL"
"Uttar Pradesh","Mirzapur","2013-07-20",2013,7,0.0,"IMD GRID MODEL"
"Uttar Pradesh","Mirzapur","2013-07-21",2013,7,0.0,"IMD GRID MODEL"
"Uttar Pradesh","Mirzapur","2013-07-22",2013,7,0.0,"IMD GRID MODEL"
"Uttar Pradesh","Mirzapur","2013-07-23",2013,7,0.0,"IMD GRID MODEL"
"Uttar Pradesh","Mirzapur","2013-07-24",2013,7,0.0,"IMD GRID MODEL"
"Uttar Pradesh","Mirzapur","2013-07-25",2013,7,0.0,"IMD GRID MODEL"
"Uttar Pradesh","Mirzapur","2013-07-26",2013,7,0.0,"IMD GRID MODEL"
"Uttar Pradesh","Mirzapur","2013-07-27",2013,7,0.0,"IMD GRID MODEL"
"Uttar Pradesh","Mirzapur","2013-07-28",2013,7,0.0,"IMD GRID MODEL"
"Uttar Pradesh","Mirzapur","2013-07-29",2013,7,0.0,"IMD GRID MODEL"
"Uttar Pradesh","Mirzapur","2013-07-30",2013,7,0.0,"IMD GRID MODEL"
"Uttar Pradesh","Mirzapur","2013-07-31",2013,7,0.0,"IMD GRID MODEL"
"Uttar Pradesh","Mirzapur","2013-06-01",2013,6,0.0,"IMD GRID MODEL"
"Uttar Pradesh","Mirzapur","2013-06-02",2013,6,1.305569913,"IMD GRID MODEL"
"Uttar Pradesh","Mirzapur","2013-06-03",2013,6,1.0928563406,"IMD GRID MODEL"
"Uttar Pradesh","Mirzapur","2013-06-04",2013,6,0.0,"IMD GRID MODEL"
"Uttar Pradesh","Mirzapur","2013-06-05",2013,6,0.0,"IMD GRID MODEL"
"Uttar Pradesh","Mirzapur","2013-06-06",2013,6,0.0,"IMD GRID MODEL"
"Uttar Pradesh","Mirzapur","2013-06-07",2013,6,0.0102233363,"IMD GRID MODEL"
"Uttar Pradesh","Mirzapur","2013-06-08",2013,6,0.0,"IMD GRID MODEL"
"Uttar Pradesh","Mirzapur","2013-06-09",2013,6,0.0,"IMD GRID MODEL"
"Uttar Pradesh","Mirzapur","2013-06-10",2013,6,0.0,"IMD GRID MODEL"
"Uttar Pradesh","Mirzapur","2013-06-11",2013,6,0.0,"IMD GRID MODEL"
"Uttar Pradesh","Mirzapur","2013-06-12",2013,6,0.0,"IMD GRID MODEL"
"Uttar Pradesh","Mirzapur","2013-06-13",2013,6,0.0,"IMD GRID MODEL"
"Uttar Pradesh","Mirzapur","2013-06-14",2013,6,0.0,"IMD GRID MODEL"
"Uttar Pradesh","Mirzapur","2013-06-15",2013,6,0.0,"IMD GRID MODEL"
"Uttar Pradesh","Mirzapur","2013-06-16",2013,6,0.0,"IMD GRID MODEL"
"Uttar Pradesh","Mirzapur","2013-06-17",2013,6,0.0,"IMD GRID MODEL"
"Uttar Pradesh","Mirzapur","2013-06-18",2013,6,0.0030068635,"IMD GRID MODEL"
"Uttar Pradesh","Mirzapur","2013-06-19",2013,6,3.3881774951,"IMD GRID MODEL"
"Uttar Pradesh","Mirzapur","2013-06-20",2013,6,0.0,"IMD GRID MODEL"
"Uttar Pradesh","Mirzapur","2013-06-21",2013,6,0.0,"IMD GRID MODEL"
"Uttar Pradesh","Mirzapur","2013-06-22",2013,6,1.4685471543,"IMD GRID MODEL"
"Uttar Pradesh","Mirzapur","2013-06-23",2013,6,0.0,"IMD GRID MODEL"
"Uttar Pradesh","Mirzapur","2013-06-24",2013,6,0.0,"IMD GRID MODEL"
"Uttar Pradesh","Mirzapur","2013-06-25",2013,6,3.1393929387,"IMD GRID MODEL"
"Uttar Pradesh","Mirzapur","2013-06-26",2013,6,2.4224023114,"IMD GRID MODEL"
"Uttar Pradesh","Mirzapur","2013-06-27",2013,6,0.0,"IMD GRID MODEL"
"Uttar Pradesh","Mirzapur","2013-06-28",2013,6,0.0,"IMD GRID MODEL"
"Uttar Pradesh","Mirzapur","2013-06-29",2013,6,0.0,"IMD GRID MODEL"
"Uttar Pradesh","Mirzapur","2013-06-30",2013,6,0.0,"IMD GRID MODEL"
"Uttar Pradesh","Mirzapur","2013-03-01",2013,3,0.0,"IMD GRID MODEL"
"Uttar Pradesh","Mirzapur","2013-03-02",2013,3,0.0,"IMD GRID MODEL"
"Uttar Pradesh","Mirzapur","2013-03-03",2013,3,0.0,"IMD GRID MODEL"
"Uttar Pradesh","Mirzapur","2013-03-04",2013,3,0.0,"IMD GRID MODEL"
"Uttar Pradesh","Mirzapur","2013-03-05",2013,3,0.0,"IMD GRID MODEL"
"Uttar Pradesh","Mirzapur","2013-03-06",2013,3,0.0,"IMD GRID MODEL"
"Uttar Pradesh","Mirzapur","2013-03-07",2013,3,0.0,"IMD GRID MODEL"
"Uttar Pradesh","Mirzapur","2013-03-08",2013,3,0.0,"IMD GRID MODEL"
"Uttar Pradesh","Mirzapur","2013-03-09",2013,3,0.0,"IMD GRID MODEL"
"Uttar Pradesh","Mirzapur","2013-03-10",2013,3,0.0,"IMD GRID MODEL"
"Uttar Pradesh","Mirzapur","2013-03-11",2013,3,0.0,"IMD GRID MODEL"
"Uttar Pradesh","Mirzapur","2013-03-12",2013,3,0.0,"IMD GRID MODEL"
"Uttar Pradesh","Mirzapur","2013-03-13",2013,3,0.0,"IMD GRID MODEL"
"Uttar Pradesh","Mirzapur","2013-03-14",2013,3,0.0,"IMD GRID MODEL"
"Uttar Pradesh","Mirzapur","2013-03-15",2013,3,0.0,"IMD GRID MODEL"
"Uttar Pradesh","Mirzapur","2013-03-16",2013,3,0.0,"IMD GRID MODEL"
"Uttar Pradesh","Mirzapur","2013-03-17",2013,3,0.0,"IMD GRID MODEL"
"Uttar Pradesh","Mirzapur","2013-03-18",2013,3,0.0,"IMD GRID MODEL"
"Uttar Pradesh","Mirzapur","2013-03-19",2013,3,0.0,"IMD GRID MODEL"
"Uttar Pradesh","Mirzapur","2013-03-20",2013,3,0.0,"IMD GRID MODEL"
"Uttar Pradesh","Mirzapur","2013-03-21",2013,3,0.0,"IMD GRID MODEL"
"Uttar Pradesh","Mirzapur","2013-03-22",2013,3,0.0,"IMD GRID MODEL"
"Uttar Pradesh","Mirzapur","2013-03-23",2013,3,0.0,"IMD GRID MODEL"
"Uttar Pradesh","Mirzapur","2013-03-24",2013,3,0.0,"IMD GRID MODEL"
"Uttar Pradesh","Mirzapur","2013-03-25",2013,3,0.5641371303,"IMD GRID MODEL"
"Uttar Pradesh","Mirzapur","2013-03-26",2013,3,0.0,"IMD GRID MODEL"
"Uttar Pradesh","Mirzapur","2013-03-27",2013,3,0.0,"IMD GRID MODEL"
"Uttar Pradesh","Mirzapur","2013-03-28",2013,3,0.0,"IMD GRID MODEL"
"Uttar Pradesh","Mirzapur","2013-03-29",2013,3,0.0,"IMD GRID MODEL"
"Uttar Pradesh","Mirzapur","2013-03-30",2013,3,0.0,"IMD GRID MODEL"
"Uttar Pradesh","Mirzapur","2013-03-31",2013,3,0.0,"IMD GRID MODEL"
"Uttar Pradesh","Mirzapur","2013-05-01",2013,5,0.1785294386,"IMD GRID MODEL"
"Uttar Pradesh","Mirzapur","2013-05-02",2013,5,0.0,"IMD GRID MODEL"
"Uttar Pradesh","Mirzapur","2013-05-03",2013,5,0.0,"IMD GRID MODEL"
"Uttar Pradesh","Mirzapur","2013-05-04",2013,5,0.0,"IMD GRID MODEL"
"Uttar Pradesh","Mirzapur","2013-05-05",2013,5,0.0,"IMD GRID MODEL"
"Uttar Pradesh","Mirzapur","2013-05-06",2013,5,0.0,"IMD GRID MODEL"
"Uttar Pradesh","Mirzapur","2013-05-07",2013,5,0.0,"IMD GRID MODEL"
"Uttar Pradesh","Mirzapur","2013-05-08",2013,5,0.0,"IMD GRID MODEL"
"Uttar Pradesh","Mirzapur","2013-05-09",2013,5,0.0,"IMD GRID MODEL"
"Uttar Pradesh","Mirzapur","2013-05-10",2013,5,0.0,"IMD GRID MODEL"
"Uttar Pradesh","Mirzapur","2013-05-11",2013,5,0.0,"IMD GRID MODEL"
"Uttar Pradesh","Mirzapur","2013-05-12",2013,5,0.0,"IMD GRID MODEL"
"Uttar Pradesh","Mirzapur","2013-05-13",2013,5,0.0,"IMD GRID MODEL"
"Uttar Pradesh","Mirzapur","2013-05-14",2013,5,0.0,"IMD GRID MODEL"
"Uttar Pradesh","Mirzapur","2013-05-15",2013,5,0.0,"IMD GRID MODEL"
"Uttar Pradesh","Mirzapur","2013-05-16",2013,5,0.0,"IMD GRID MODEL"
"Uttar Pradesh","Mirzapur","2013-05-17",2013,5,0.0,"IMD GRID MODEL"
"Uttar Pradesh","Mirzapur","2013-05-18",2013,5,0.0,"IMD GRID MODEL"
"Uttar Pradesh","Mirzapur","2013-05-19",2013,5,6.5887444856,"IMD GRID MODEL"
"Uttar Pradesh","Mirzapur","2013-05-20",2013,5,0.0,"IMD GRID MODEL"
"Uttar Pradesh","Mirzapur","2013-05-21",2013,5,0.4176587949,"IMD GRID MODEL"
"Uttar Pradesh","Mirzapur","2013-05-22",2013,5,0.0,"IMD GRID MODEL"
"Uttar Pradesh","Mirzapur","2013-05-23",2013,5,0.0,"IMD GRID MODEL"
"Uttar Pradesh","Mirzapur","2013-05-24",2013,5,0.0,"IMD GRID MODEL"
"Uttar Pradesh","Mirzapur","2013-05-25",2013,5,0.0,"IMD GRID MODEL"
"Uttar Pradesh","Mirzapur","2013-05-27",2013,5,0.0,"IMD GRID MODEL"
"Uttar Pradesh","Mirzapur","2013-05-26",2013,5,0.0,"IMD GRID MODEL"
"Uttar Pradesh","Mirzapur","2013-05-28",2013,5,0.0,"IMD GRID MODEL"
"Uttar Pradesh","Mirzapur","2013-05-29",2013,5,0.0,"IMD GRID MODEL"
"Uttar Pradesh","Mirzapur","2013-05-30",2013,5,0.0,"IMD GRID MODEL"
"Uttar Pradesh","Mirzapur","2013-05-31",2013,5,0.0,"IMD GRID MODEL"
"Uttar Pradesh","Mirzapur","2013-11-02",2013,11,11.9923661109,"IMD GRID MODEL"
"Uttar Pradesh","Mirzapur","2013-11-03",2013,11,20.9318821592,"IMD GRID MODEL"
"Uttar Pradesh","Mirzapur","2013-11-04",2013,11,15.9167212169,"IMD GRID MODEL"
"Uttar Pradesh","Mirzapur","2013-11-05",2013,11,2.8148147658,"IMD GRID MODEL"
"Uttar Pradesh","Mirzapur","2013-11-06",2013,11,6.4066913352,"IMD GRID MODEL"
"Uttar Pradesh","Mirzapur","2013-11-01",2013,11,18.5809815218,"IMD GRID MODEL"
"Uttar Pradesh","Mirzapur","2013-11-07",2013,11,0.5854837864,"IMD GRID MODEL"
"Uttar Pradesh","Mirzapur","2013-11-08",2013,11,0.8446264945,"IMD GRID MODEL"
"Uttar Pradesh","Mirzapur","2013-11-09",2013,11,0.0,"IMD GRID MODEL"
"Uttar Pradesh","Mirzapur","2013-11-10",2013,11,0.0,"IMD GRID MODEL"
"Uttar Pradesh","Mirzapur","2013-11-11",2013,11,0.0,"IMD GRID MODEL"
"Uttar Pradesh","Mirzapur","2013-11-12",2013,11,0.0,"IMD GRID MODEL"
"Uttar Pradesh","Mirzapur","2013-11-13",2013,11,0.0,"IMD GRID MODEL"
"Uttar Pradesh","Mirzapur","2013-11-14",2013,11,0.0,"IMD GRID MODEL"
"Uttar Pradesh","Mirzapur","2013-11-15",2013,11,0.0,"IMD GRID MODEL"
"Uttar Pradesh","Mirzapur","2013-11-16",2013,11,4.4420915734,"IMD GRID MODEL"
"Uttar Pradesh","Mirzapur","2013-11-17",2013,11,2.196037691,"IMD GRID MODEL"
"Uttar Pradesh","Mirzapur","2013-11-18",2013,11,0.0,"IMD GRID MODEL"
"Uttar Pradesh","Mirzapur","2013-11-19",2013,11,0.0,"IMD GRID MODEL"
"Uttar Pradesh","Mirzapur","2013-11-20",2013,11,1.0971337767,"IMD GRID MODEL"
"Uttar Pradesh","Mirzapur","2013-11-21",2013,11,1.4584425869,"IMD GRID MODEL"
"Uttar Pradesh","Mirzapur","2013-11-22",2013,11,0.0,"IMD GRID MODEL"
"Uttar Pradesh","Mirzapur","2013-11-23",2013,11,0.1202819093,"IMD GRID MODEL"
"Uttar Pradesh","Mirzapur","2013-11-24",2013,11,13.2554451184,"IMD GRID MODEL"
"Uttar Pradesh","Mirzapur","2013-11-25",2013,11,0.0434714508,"IMD GRID MODEL"
"Uttar Pradesh","Mirzapur","2013-11-26",2013,11,0.044222218,"IMD GRID MODEL"
"Uttar Pradesh","Mirzapur","2013-11-27",2013,11,0.0,"IMD GRID MODEL"
"Uttar Pradesh","Mirzapur","2013-11-28",2013,11,0.1350265568,"IMD GRID MODEL"
"Uttar Pradesh","Mirzapur","2013-11-29",2013,11,0.9979172306,"IMD GRID MODEL"
"Uttar Pradesh","Mirzapur","2013-11-30",2013,11,6.6264766334,"IMD GRID MODEL"
"Uttar Pradesh","Mirzapur","2013-10-01",2013,10,10.5472062637,"IMD GRID MODEL"
"Uttar Pradesh","Mirzapur","2013-10-02",2013,10,2.6654244497,"IMD GRID MODEL"
"Uttar Pradesh","Mirzapur","2013-10-03",2013,10,0.4238966923,"IMD GRID MODEL"
"Uttar Pradesh","Mirzapur","2013-10-04",2013,10,8.0824042394,"IMD GRID MODEL"
"Uttar Pradesh","Mirzapur","2013-10-05",2013,10,1.7938847398,"IMD GRID MODEL"
"Uttar Pradesh","Mirzapur","2013-10-06",2013,10,0.8310376893,"IMD GRID MODEL"
"Uttar Pradesh","Mirzapur","2013-10-07",2013,10,4.1992964676,"IMD GRID MODEL"
"Uttar Pradesh","Mirzapur","2013-10-08",2013,10,8.3414236915,"IMD GRID MODEL"
"Uttar Pradesh","Mirzapur","2013-10-09",2013,10,15.0334114171,"IMD GRID MODEL"
"Uttar Pradesh","Mirzapur","2013-10-10",2013,10,1.169867385,"IMD GRID MODEL"
"Uttar Pradesh","Mirzapur","2013-10-11",2013,10,0.1968147703,"IMD GRID MODEL"
"Uttar Pradesh","Mirzapur","2013-10-12",2013,10,16.4673871042,"IMD GRID MODEL"
"Uttar Pradesh","Mirzapur","2013-10-13",2013,10,25.3537400063,"IMD GRID MODEL"
"Uttar Pradesh","Mirzapur","2013-10-14",2013,10,0.4353331957,"IMD GRID MODEL"
"Uttar Pradesh","Mirzapur","2013-10-15",2013,10,8.6283301238,"IMD GRID MODEL"
"Uttar Pradesh","Mirzapur","2013-10-16",2013,10,19.4684782257,"IMD GRID MODEL"
"Uttar Pradesh","Mirzapur","2013-10-17",2013,10,0.2759158586,"IMD GRID MODEL"
"Uttar Pradesh","Mirzapur","2013-10-18",2013,10,0.1642359661,"IMD GRID MODEL"
"Uttar Pradesh","Mirzapur","2013-10-19",2013,10,4.0048618695,"IMD GRID MODEL"
"Uttar Pradesh","Mirzapur","2013-10-20",2013,10,1.1940547013,"IMD GRID MODEL"
"Uttar Pradesh","Mirzapur","2013-10-21",2013,10,11.1307213828,"IMD GRID MODEL"
"Uttar Pradesh","Mirzapur","2013-10-22",2013,10,19.9679720239,"IMD GRID MODEL"
"Uttar Pradesh","Mirzapur","2013-10-23",2013,10,26.9694223742,"IMD GRID MODEL"
"Uttar Pradesh","Mirzapur","2013-10-24",2013,10,5.9084425111,"IMD GRID MODEL"
"Uttar Pradesh","Mirzapur","2013-10-25",2013,10,8.6416294827,"IMD GRID MODEL"
"Uttar Pradesh","Mirzapur","2013-10-26",2013,10,17.1557115282,"IMD GRID MODEL"
"Uttar Pradesh","Mirzapur","2013-10-27",2013,10,0.984249414,"IMD GRID MODEL"
"Uttar Pradesh","Mirzapur","2013-10-28",2013,10,15.4949887267,"IMD GRID MODEL"
"Uttar Pradesh","Mirzapur","2013-10-29",2013,10,1.4000631144,"IMD GRID MODEL"
"Uttar Pradesh","Mirzapur","2013-10-30",2013,10,0.0,"IMD GRID MODEL"
"Uttar Pradesh","Mirzapur","2013-10-31",2013,10,0.0774305944,"IMD GRID MODEL"
"Uttar Pradesh","Mirzapur","2013-09-01",2013,9,22.3071876648,"IMD GRID MODEL"
"Uttar Pradesh","Mirzapur","2013-09-02",2013,9,25.1064706413,"IMD GRID MODEL"
"Uttar Pradesh","Mirzapur","2013-09-03",2013,9,19.6390049312,"IMD GRID MODEL"
"Uttar Pradesh","Mirzapur","2013-09-04",2013,9,20.5270473243,"IMD GRID MODEL"
"Uttar Pradesh","Mirzapur","2013-09-05",2013,9,11.1841626177,"IMD GRID MODEL"
"Uttar Pradesh","Mirzapur","2013-09-06",2013,9,11.7556014975,"IMD GRID MODEL"
"Uttar Pradesh","Mirzapur","2013-09-07",2013,9,0.0007623782,"IMD GRID MODEL"
"Uttar Pradesh","Mirzapur","2013-09-08",2013,9,0.0,"IMD GRID MODEL"
"Uttar Pradesh","Mirzapur","2013-09-09",2013,9,12.2906519263,"IMD GRID MODEL"
"Uttar Pradesh","Mirzapur","2013-09-10",2013,9,1.6804907357,"IMD GRID MODEL"
"Uttar Pradesh","Mirzapur","2013-09-11",2013,9,0.1412109499,"IMD GRID MODEL"
"Uttar Pradesh","Mirzapur","2013-09-12",2013,9,4.6060869487,"IMD GRID MODEL"
"Uttar Pradesh","Mirzapur","2013-09-13",2013,9,19.4855537469,"IMD GRID MODEL"
"Uttar Pradesh","Mirzapur","2013-09-14",2013,9,11.0937425783,"IMD GRID MODEL"
"Uttar Pradesh","Mirzapur","2013-09-15",2013,9,8.8461246233,"IMD GRID MODEL"
"Uttar Pradesh","Mirzapur","2013-09-16",2013,9,0.2395219639,"IMD GRID MODEL"
"Uttar Pradesh","Mirzapur","2013-09-17",2013,9,2.971235285,"IMD GRID MODEL"
"Uttar Pradesh","Mirzapur","2013-09-18",2013,9,4.2721452891,"IMD GRID MODEL"
"Uttar Pradesh","Mirzapur","2013-09-19",2013,9,0.1346790548,"IMD GRID MODEL"
"Uttar Pradesh","Mirzapur","2013-09-20",2013,9,0.3646514635,"IMD GRID MODEL"
"Uttar Pradesh","Mirzapur","2013-09-21",2013,9,0.0,"IMD GRID MODEL"
"Uttar Pradesh","Mirzapur","2013-09-22",2013,9,0.0,"IMD GRID MODEL"
"Uttar Pradesh","Mirzapur","2013-09-23",2013,9,8.3970768885,"IMD GRID MODEL"
"Uttar Pradesh","Mirzapur","2013-09-24",2013,9,1.6609356759,"IMD GRID MODEL"
"Uttar Pradesh","Mirzapur","2013-09-25",2013,9,7.7105578757,"IMD GRID MODEL"
"Uttar Pradesh","Mirzapur","2013-09-26",2013,9,0.2778487442,"IMD GRID MODEL"
"Uttar Pradesh","Mirzapur","2013-09-27",2013,9,0.3952322071,"IMD GRID MODEL"
"Uttar Pradesh","Mirzapur","2013-09-28",2013,9,0.3847850281,"IMD GRID MODEL"
"Uttar Pradesh","Mirzapur","2013-09-29",2013,9,22.0740460863,"IMD GRID MODEL"
"Uttar Pradesh","Mirzapur","2013-09-30",2013,9,24.310933006,"IMD GRID MODEL"
"Uttar Pradesh","Mirzapur","2014-04-01",2014,4,0.0,"IMD GRID MODEL"
"Uttar Pradesh","Mirzapur","2014-04-02",2014,4,0.0,"IMD GRID MODEL"
"Uttar Pradesh","Mirzapur","2014-04-03",2014,4,0.0,"IMD GRID MODEL"
"Uttar Pradesh","Mirzapur","2014-04-04",2014,4,0.0,"IMD GRID MODEL"
"Uttar Pradesh","Mirzapur","2014-04-05",2014,4,0.0,"IMD GRID MODEL"
"Uttar Pradesh","Mirzapur","2014-04-06",2014,4,0.0,"IMD GRID MODEL"
"Uttar Pradesh","Mirzapur","2014-04-07",2014,4,0.0,"IMD GRID MODEL"
"Uttar Pradesh","Mirzapur","2014-04-08",2014,4,0.0,"IMD GRID MODEL"
"Uttar Pradesh","Mirzapur","2014-04-09",2014,4,0.0,"IMD GRID MODEL"
"Uttar Pradesh","Mirzapur","2014-04-10",2014,4,0.0,"IMD GRID MODEL"
"Uttar Pradesh","Mirzapur","2014-04-11",2014,4,0.0,"IMD GRID MODEL"
"Uttar Pradesh","Mirzapur","2014-04-12",2014,4,0.0,"IMD GRID MODEL"
"Uttar Pradesh","Mirzapur","2014-04-13",2014,4,0.0,"IMD GRID MODEL"
"Uttar Pradesh","Mirzapur","2014-04-14",2014,4,0.0,"IMD GRID MODEL"
"Uttar Pradesh","Mirzapur","2014-04-15",2014,4,0.0,"IMD GRID MODEL"
"Uttar Pradesh","Mirzapur","2014-04-16",2014,4,0.0,"IMD GRID MODEL"
"Uttar Pradesh","Mirzapur","2014-04-17",2014,4,0.0,"IMD GRID MODEL"
"Uttar Pradesh","Mirzapur","2014-04-18",2014,4,0.0,"IMD GRID MODEL"
"Uttar Pradesh","Mirzapur","2014-04-19",2014,4,0.0,"IMD GRID MODEL"
"Uttar Pradesh","Mirzapur","2014-04-20",2014,4,6.1644156728,"IMD GRID MODEL"
"Uttar Pradesh","Mirzapur","2014-04-21",2014,4,8.0619241225,"IMD GRID MODEL"
"Uttar Pradesh","Mirzapur","2014-04-22",2014,4,2.080694641,"IMD GRID MODEL"
"Uttar Pradesh","Mirzapur","2014-04-23",2014,4,0.0,"IMD GRID MODEL"
"Uttar Pradesh","Mirzapur","2014-04-24",2014,4,0.0,"IMD GRID MODEL"
"Uttar Pradesh","Mirzapur","2014-04-25",2014,4,0.0,"IMD GRID MODEL"
"Uttar Pradesh","Mirzapur","2014-04-26",2014,4,0.0,"IMD GRID MODEL"
"Uttar Pradesh","Mirzapur","2014-04-27",2014,4,0.0,"IMD GRID MODEL"
"Uttar Pradesh","Mirzapur","2014-04-28",2014,4,0.1509267059,"IMD GRID MODEL"
"Uttar Pradesh","Mirzapur","2014-04-29",2014,4,8.2305615349,"IMD GRID MODEL"
"Uttar Pradesh","Mirzapur","2014-04-30",2014,4,0.0,"IMD GRID MODEL"
"Uttar Pradesh","Mirzapur","2014-08-01",2014,8,0.4827740417,"IMD GRID MODEL"
"Uttar Pradesh","Mirzapur","2014-08-02",2014,8,0.0,"IMD GRID MODEL"
"Uttar Pradesh","Mirzapur","2014-08-03",2014,8,0.0,"IMD GRID MODEL"
"Uttar Pradesh","Mirzapur","2014-08-04",2014,8,2.4391288468,"IMD GRID MODEL"
"Uttar Pradesh","Mirzapur","2014-08-05",2014,8,0.0,"IMD GRID MODEL"
"Uttar Pradesh","Mirzapur","2014-08-06",2014,8,0.0,"IMD GRID MODEL"
"Uttar Pradesh","Mirzapur","2014-08-07",2014,8,0.0,"IMD GRID MODEL"
"Uttar Pradesh","Mirzapur","2014-08-08",2014,8,0.0,"IMD GRID MODEL"
"Uttar Pradesh","Mirzapur","2014-08-09",2014,8,0.0,"IMD GRID MODEL"
"Uttar Pradesh","Mirzapur","2014-08-10",2014,8,0.0,"IMD GRID MODEL"
"Uttar Pradesh","Mirzapur","2014-08-11",2014,8,0.0,"IMD GRID MODEL"
"Uttar Pradesh","Mirzapur","2014-08-12",2014,8,0.0,"IMD GRID MODEL"
"Uttar Pradesh","Mirzapur","2014-08-13",2014,8,0.0,"IMD GRID MODEL"
"Uttar Pradesh","Mirzapur","2014-08-15",2014,8,0.0,"IMD GRID MODEL"
"Uttar Pradesh","Mirzapur","2014-08-16",2014,8,0.0,"IMD GRID MODEL"
"Uttar Pradesh","Mirzapur","2014-08-14",2014,8,0.0,"IMD GRID MODEL"
"Uttar Pradesh","Mirzapur","2014-08-17",2014,8,0.0,"IMD GRID MODEL"
"Uttar Pradesh","Mirzapur","2014-08-18",2014,8,0.0,"IMD GRID MODEL"
"Uttar Pradesh","Mirzapur","2014-08-19",2014,8,0.1736769275,"IMD GRID MODEL"
"Uttar Pradesh","Mirzapur","2014-08-20",2014,8,3.855877984,"IMD GRID MODEL"
"Uttar Pradesh","Mirzapur","2014-08-21",2014,8,2.0941032365,"IMD GRID MODEL"
"Uttar Pradesh","Mirzapur","2014-08-22",2014,8,2.0176648569,"IMD GRID MODEL"
"Uttar Pradesh","Mirzapur","2014-08-23",2014,8,1.7775887468,"IMD GRID MODEL"
"Uttar Pradesh","Mirzapur","2014-08-24",2014,8,1.1353610058,"IMD GRID MODEL"
"Uttar Pradesh","Mirzapur","2014-08-25",2014,8,0.1714733047,"IMD GRID MODEL"
"Uttar Pradesh","Mirzapur","2014-08-26",2014,8,20.0976429347,"IMD GRID MODEL"
"Uttar Pradesh","Mirzapur","2014-08-27",2014,8,5.9470399993,"IMD GRID MODEL"
"Uttar Pradesh","Mirzapur","2014-08-28",2014,8,0.2011894435,"IMD GRID MODEL"
"Uttar Pradesh","Mirzapur","2014-08-29",2014,8,0.0,"IMD GRID MODEL"
"Uttar Pradesh","Mirzapur","2014-08-30",2014,8,0.0054682699,"IMD GRID MODEL"
"Uttar Pradesh","Mirzapur","2014-08-31",2014,8,0.6558508796,"IMD GRID MODEL"
"Uttar Pradesh","Mirzapur","2014-12-01",2014,12,0.0,"IMD GRID MODEL"
"Uttar Pradesh","Mirzapur","2014-12-02",2014,12,0.0,"IMD GRID MODEL"
"Uttar Pradesh","Mirzapur","2014-12-03",2014,12,0.0,"IMD GRID MODEL"
"Uttar Pradesh","Mirzapur","2014-12-04",2014,12,2.0454489237,"IMD GRID MODEL"
"Uttar Pradesh","Mirzapur","2014-12-05",2014,12,0.0,"IMD GRID MODEL"
"Uttar Pradesh","Mirzapur","2014-12-06",2014,12,0.8094169453,"IMD GRID MODEL"
"Uttar Pradesh","Mirzapur","2014-12-07",2014,12,0.0,"IMD GRID MODEL"
"Uttar Pradesh","Mirzapur","2014-12-08",2014,12,0.0,"IMD GRID MODEL"
"Uttar Pradesh","Mirzapur","2014-12-09",2014,12,0.0,"IMD GRID MODEL"
"Uttar Pradesh","Mirzapur","2014-12-10",2014,12,0.0,"IMD GRID MODEL"
"Uttar Pradesh","Mirzapur","2014-12-11",2014,12,0.0,"IMD GRID MODEL"
"Uttar Pradesh","Mirzapur","2014-12-12",2014,12,0.0,"IMD GRID MODEL"
"Uttar Pradesh","Mirzapur","2014-12-13",2014,12,0.0,"IMD GRID MODEL"
"Uttar Pradesh","Mirzapur","2014-12-14",2014,12,0.0,"IMD GRID MODEL"
"Uttar Pradesh","Mirzapur","2014-12-15",2014,12,0.0,"IMD GRID MODEL"
"Uttar Pradesh","Mirzapur","2014-12-16",2014,12,0.0,"IMD GRID MODEL"
"Uttar Pradesh","Mirzapur","2014-12-17",2014,12,4.4348891057,"IMD GRID MODEL"
"Uttar Pradesh","Mirzapur","2014-12-18",2014,12,49.9224196925,"IMD GRID MODEL"
"Uttar Pradesh","Mirzapur","2014-12-19",2014,12,13.2428437697,"IMD GRID MODEL"
"Uttar Pradesh","Mirzapur","2014-12-20",2014,12,0.0,"IMD GRID MODEL"
"Uttar Pradesh","Mirzapur","2014-12-21",2014,12,0.0,"IMD GRID MODEL"
"Uttar Pradesh","Mirzapur","2014-12-22",2014,12,0.0,"IMD GRID MODEL"
"Uttar Pradesh","Mirzapur","2014-12-23",2014,12,0.0,"IMD GRID MODEL"
"Uttar Pradesh","Mirzapur","2014-12-24",2014,12,0.0,"IMD GRID MODEL"
"Uttar Pradesh","Mirzapur","2014-12-25",2014,12,0.0,"IMD GRID MODEL"
"Uttar Pradesh","Mirzapur","2014-12-26",2014,12,0.0,"IMD GRID MODEL"
"Uttar Pradesh","Mirzapur","2014-12-27",2014,12,0.0,"IMD GRID MODEL"
"Uttar Pradesh","Mirzapur","2014-12-28",2014,12,0.0,"IMD GRID MODEL"
"Uttar Pradesh","Mirzapur","2014-12-29",2014,12,0.0,"IMD GRID MODEL"
"Uttar Pradesh","Mirzapur","2014-12-30",2014,12,0.0,"IMD GRID MODEL"
"Uttar Pradesh","Mirzapur","2014-12-31",2014,12,0.0,"IMD GRID MODEL"
"Uttar Pradesh","Mirzapur","2014-02-01",2014,2,0.0,"IMD GRID MODEL"
"Uttar Pradesh","Mirzapur","2014-02-02",2014,2,0.0,"IMD GRID MODEL"
"Uttar Pradesh","Mirzapur","2014-02-03",2014,2,0.0,"IMD GRID MODEL"
"Uttar Pradesh","Mirzapur","2014-02-04",2014,2,0.0,"IMD GRID MODEL"
"Uttar Pradesh","Mirzapur","2014-02-05",2014,2,0.0,"IMD GRID MODEL"
"Uttar Pradesh","Mirzapur","2014-02-06",2014,2,0.0,"IMD GRID MODEL"
"Uttar Pradesh","Mirzapur","2014-02-07",2014,2,0.0,"IMD GRID MODEL"
"Uttar Pradesh","Mirzapur","2014-02-08",2014,2,0.0,"IMD GRID MODEL"
"Uttar Pradesh","Mirzapur","2014-02-09",2014,2,0.0,"IMD GRID MODEL"
"Uttar Pradesh","Mirzapur","2014-02-10",2014,2,0.0,"IMD GRID MODEL"
"Uttar Pradesh","Mirzapur","2014-02-11",2014,2,0.0,"IMD GRID MODEL"
"Uttar Pradesh","Mirzapur","2014-02-12",2014,2,0.0,"IMD GRID MODEL"
"Uttar Pradesh","Mirzapur","2014-02-13",2014,2,0.0,"IMD GRID MODEL"
"Uttar Pradesh","Mirzapur","2014-02-14",2014,2,0.0,"IMD GRID MODEL"
"Uttar Pradesh","Mirzapur","2014-02-15",2014,2,0.0,"IMD GRID MODEL"
"Uttar Pradesh","Mirzapur","2014-02-16",2014,2,0.0,"IMD GRID MODEL"
"Uttar Pradesh","Mirzapur","2014-02-17",2014,2,0.0,"IMD GRID MODEL"
"Uttar Pradesh","Mirzapur","2014-02-18",2014,2,1.2116805999,"IMD GRID MODEL"
"Uttar Pradesh","Mirzapur","2014-02-19",2014,2,0.717869696,"IMD GRID MODEL"
"Uttar Pradesh","Mirzapur","2014-02-20",2014,2,0.0,"IMD GRID MODEL"
"Uttar Pradesh","Mirzapur","2014-02-21",2014,2,0.0,"IMD GRID MODEL"
"Uttar Pradesh","Mirzapur","2014-02-22",2014,2,0.0,"IMD GRID MODEL"
"Uttar Pradesh","Mirzapur","2014-02-23",2014,2,0.0,"IMD GRID MODEL"
"Uttar Pradesh","Mirzapur","2014-02-24",2014,2,0.0,"IMD GRID MODEL"
"Uttar Pradesh","Mirzapur","2014-02-25",2014,2,0.0,"IMD GRID MODEL"
"Uttar Pradesh","Mirzapur","2014-02-26",2014,2,0.0,"IMD GRID MODEL"
"Uttar Pradesh","Mirzapur","2014-02-27",2014,2,0.0,"IMD GRID MODEL"
"Uttar Pradesh","Mirzapur","2014-02-28",2014,2,0.0,"IMD GRID MODEL"
"Uttar Pradesh","Mirzapur","2014-01-01",2014,1,0.7156823372,"IMD GRID MODEL"
"Uttar Pradesh","Mirzapur","2014-01-02",2014,1,0.0,"IMD GRID MODEL"
"Uttar Pradesh","Mirzapur","2014-01-03",2014,1,0.0,"IMD GRID MODEL"
"Uttar Pradesh","Mirzapur","2014-01-04",2014,1,0.0,"IMD GRID MODEL"
"Uttar Pradesh","Mirzapur","2014-01-05",2014,1,0.0,"IMD GRID MODEL"
"Uttar Pradesh","Mirzapur","2014-01-06",2014,1,0.0,"IMD GRID MODEL"
"Uttar Pradesh","Mirzapur","2014-01-07",2014,1,0.0,"IMD GRID MODEL"
"Uttar Pradesh","Mirzapur","2014-01-08",2014,1,0.0,"IMD GRID MODEL"
"Uttar Pradesh","Mirzapur","2014-01-09",2014,1,0.0,"IMD GRID MODEL"
"Uttar Pradesh","Mirzapur","2014-01-10",2014,1,0.0,"IMD GRID MODEL"
"Uttar Pradesh","Mirzapur","2014-01-11",2014,1,0.0,"IMD GRID MODEL"
"Uttar Pradesh","Mirzapur","2014-01-12",2014,1,0.0,"IMD GRID MODEL"
"Uttar Pradesh","Mirzapur","2014-01-13",2014,1,0.0,"IMD GRID MODEL"
"Uttar Pradesh","Mirzapur","2014-01-14",2014,1,0.0,"IMD GRID MODEL"
"Uttar Pradesh","Mirzapur","2014-01-15",2014,1,0.0,"IMD GRID MODEL"
"Uttar Pradesh","Mirzapur","2014-01-16",2014,1,0.0,"IMD GRID MODEL"
"Uttar Pradesh","Mirzapur","2014-01-17",2014,1,0.0,"IMD GRID MODEL"
"Uttar Pradesh","Mirzapur","2014-01-18",2014,1,0.0,"IMD GRID MODEL"
"Uttar Pradesh","Mirzapur","2014-01-19",2014,1,0.0,"IMD GRID MODEL"
"Uttar Pradesh","Mirzapur","2014-01-20",2014,1,0.0,"IMD GRID MODEL"
"Uttar Pradesh","Mirzapur","2014-01-21",2014,1,0.0,"IMD GRID MODEL"
"Uttar Pradesh","Mirzapur","2014-01-22",2014,1,0.0,"IMD GRID MODEL"
"Uttar Pradesh","Mirzapur","2014-01-23",2014,1,0.0,"IMD GRID MODEL"
"Uttar Pradesh","Mirzapur","2014-01-24",2014,1,0.0,"IMD GRID MODEL"
"Uttar Pradesh","Mirzapur","2014-01-25",2014,1,0.0,"IMD GRID MODEL"
"Uttar Pradesh","Mirzapur","2014-01-26",2014,1,0.0,"IMD GRID MODEL"
"Uttar Pradesh","Mirzapur","2014-01-27",2014,1,0.0,"IMD GRID MODEL"
"Uttar Pradesh","Mirzapur","2014-01-28",2014,1,0.0,"IMD GRID MODEL"
"Uttar Pradesh","Mirzapur","2014-01-29",2014,1,0.0,"IMD GRID MODEL"
"Uttar Pradesh","Mirzapur","2014-01-30",2014,1,0.0,"IMD GRID MODEL"
"Uttar Pradesh","Mirzapur","2014-01-31",2014,1,0.0,"IMD GRID MODEL"
"Uttar Pradesh","Mirzapur","2014-07-02",2014,7,0.0,"IMD GRID MODEL"
"Uttar Pradesh","Mirzapur","2014-07-03",2014,7,0.0,"IMD GRID MODEL"
"Uttar Pradesh","Mirzapur","2014-07-04",2014,7,0.0,"IMD GRID MODEL"
"Uttar Pradesh","Mirzapur","2014-07-01",2014,7,0.0,"IMD GRID MODEL"
"Uttar Pradesh","Mirzapur","2014-07-05",2014,7,0.0,"IMD GRID MODEL"
"Uttar Pradesh","Mirzapur","2014-07-06",2014,7,0.0,"IMD GRID MODEL"
"Uttar Pradesh","Mirzapur","2014-07-07",2014,7,0.0,"IMD GRID MODEL"
"Uttar Pradesh","Mirzapur","2014-07-08",2014,7,0.0,"IMD GRID MODEL"
"Uttar Pradesh","Mirzapur","2014-07-09",2014,7,7.924479482,"IMD GRID MODEL"
"Uttar Pradesh","Mirzapur","2014-07-10",2014,7,0.0655926682,"IMD GRID MODEL"
"Uttar Pradesh","Mirzapur","2014-07-11",2014,7,0.8128303925,"IMD GRID MODEL"
"Uttar Pradesh","Mirzapur","2014-07-12",2014,7,0.0185284746,"IMD GRID MODEL"
"Uttar Pradesh","Mirzapur","2014-07-13",2014,7,0.0,"IMD GRID MODEL"
"Uttar Pradesh","Mirzapur","2014-07-14",2014,7,0.0,"IMD GRID MODEL"
"Uttar Pradesh","Mirzapur","2014-07-15",2014,7,0.0309913944,"IMD GRID MODEL"
"Uttar Pradesh","Mirzapur","2014-07-16",2014,7,0.0,"IMD GRID MODEL"
"Uttar Pradesh","Mirzapur","2014-07-17",2014,7,0.0,"IMD GRID MODEL"
"Uttar Pradesh","Mirzapur","2014-07-18",2014,7,0.0338911295,"IMD GRID MODEL"
"Uttar Pradesh","Mirzapur","2014-07-19",2014,7,2.3437790612,"IMD GRID MODEL"
"Uttar Pradesh","Mirzapur","2014-07-20",2014,7,0.0,"IMD GRID MODEL"
"Uttar Pradesh","Mirzapur","2014-07-21",2014,7,0.0,"IMD GRID MODEL"
"Uttar Pradesh","Mirzapur","2014-07-22",2014,7,0.0,"IMD GRID MODEL"
"Uttar Pradesh","Mirzapur","2014-07-23",2014,7,0.0,"IMD GRID MODEL"
"Uttar Pradesh","Mirzapur","2014-07-24",2014,7,0.0,"IMD GRID MODEL"
"Uttar Pradesh","Mirzapur","2014-07-25",2014,7,0.0,"IMD GRID MODEL"
"Uttar Pradesh","Mirzapur","2014-07-26",2014,7,0.0,"IMD GRID MODEL"
"Uttar Pradesh","Mirzapur","2014-07-27",2014,7,0.0,"IMD GRID MODEL"
"Uttar Pradesh","Mirzapur","2014-07-28",2014,7,0.0,"IMD GRID MODEL"
"Uttar Pradesh","Mirzapur","2014-07-29",2014,7,0.0,"IMD GRID MODEL"
"Uttar Pradesh","Mirzapur","2014-07-30",2014,7,5.071146493,"IMD GRID MODEL"
"Uttar Pradesh","Mirzapur","2014-07-31",2014,7,0.0298755421,"IMD GRID MODEL"
"Uttar Pradesh","Mirzapur","2014-06-01",2014,6,0.0,"IMD GRID MODEL"
"Uttar Pradesh","Mirzapur","2014-06-02",2014,6,0.0,"IMD GRID MODEL"
"Uttar Pradesh","Mirzapur","2014-06-03",2014,6,0.0,"IMD GRID MODEL"
"Uttar Pradesh","Mirzapur","2014-06-04",2014,6,0.0,"IMD GRID MODEL"
"Uttar Pradesh","Mirzapur","2014-06-05",2014,6,0.0,"IMD GRID MODEL"
"Uttar Pradesh","Mirzapur","2014-06-06",2014,6,0.0,"IMD GRID MODEL"
"Uttar Pradesh","Mirzapur","2014-06-07",2014,6,0.0,"IMD GRID MODEL"
"Uttar Pradesh","Mirzapur","2014-06-08",2014,6,0.0,"IMD GRID MODEL"
"Uttar Pradesh","Mirzapur","2014-06-09",2014,6,0.0,"IMD GRID MODEL"
"Uttar Pradesh","Mirzapur","2014-06-10",2014,6,0.0,"IMD GRID MODEL"
"Uttar Pradesh","Mirzapur","2014-06-11",2014,6,0.0,"IMD GRID MODEL"
"Uttar Pradesh","Mirzapur","2014-06-12",2014,6,0.0,"IMD GRID MODEL"
"Uttar Pradesh","Mirzapur","2014-06-13",2014,6,0.0,"IMD GRID MODEL"
"Uttar Pradesh","Mirzapur","2014-06-14",2014,6,0.0,"IMD GRID MODEL"
"Uttar Pradesh","Mirzapur","2014-06-15",2014,6,0.0,"IMD GRID MODEL"
"Uttar Pradesh","Mirzapur","2014-06-16",2014,6,0.0,"IMD GRID MODEL"
"Uttar Pradesh","Mirzapur","2014-06-17",2014,6,0.0,"IMD GRID MODEL"
"Uttar Pradesh","Mirzapur","2014-06-18",2014,6,0.0,"IMD GRID MODEL"
"Uttar Pradesh","Mirzapur","2014-06-19",2014,6,0.0,"IMD GRID MODEL"
"Uttar Pradesh","Mirzapur","2014-06-20",2014,6,0.0,"IMD GRID MODEL"
"Uttar Pradesh","Mirzapur","2014-06-21",2014,6,0.0,"IMD GRID MODEL"
"Uttar Pradesh","Mirzapur","2014-06-22",2014,6,0.0,"IMD GRID MODEL"
"Uttar Pradesh","Mirzapur","2014-06-23",2014,6,0.8225809511,"IMD GRID MODEL"
"Uttar Pradesh","Mirzapur","2014-06-24",2014,6,0.0,"IMD GRID MODEL"
"Uttar Pradesh","Mirzapur","2014-06-25",2014,6,0.0,"IMD GRID MODEL"
"Uttar Pradesh","Mirzapur","2014-06-26",2014,6,0.0,"IMD GRID MODEL"
"Uttar Pradesh","Mirzapur","2014-06-27",2014,6,0.0,"IMD GRID MODEL"
"Uttar Pradesh","Mirzapur","2014-06-28",2014,6,0.0,"IMD GRID MODEL"
"Uttar Pradesh","Mirzapur","2014-06-29",2014,6,0.0,"IMD GRID MODEL"
"Uttar Pradesh","Mirzapur","2014-06-30",2014,6,0.0,"IMD GRID MODEL"
"Uttar Pradesh","Mirzapur","2014-03-01",2014,3,0.0,"IMD GRID MODEL"
"Uttar Pradesh","Mirzapur","2014-03-02",2014,3,0.0,"IMD GRID MODEL"
"Uttar Pradesh","Mirzapur","2014-03-03",2014,3,0.0,"IMD GRID MODEL"
"Uttar Pradesh","Mirzapur","2014-03-04",2014,3,0.0,"IMD GRID MODEL"
"Uttar Pradesh","Mirzapur","2014-03-05",2014,3,0.0,"IMD GRID MODEL"
"Uttar Pradesh","Mirzapur","2014-03-06",2014,3,0.0,"IMD GRID MODEL"
"Uttar Pradesh","Mirzapur","2014-03-07",2014,3,0.0,"IMD GRID MODEL"
"Uttar Pradesh","Mirzapur","2014-03-08",2014,3,0.0,"IMD GRID MODEL"
"Uttar Pradesh","Mirzapur","2014-03-09",2014,3,0.0,"IMD GRID MODEL"
"Uttar Pradesh","Mirzapur","2014-03-10",2014,3,0.0,"IMD GRID MODEL"
"Uttar Pradesh","Mirzapur","2014-03-11",2014,3,0.9151064413,"IMD GRID MODEL"
"Uttar Pradesh","Mirzapur","2014-03-12",2014,3,0.1874869556,"IMD GRID MODEL"
"Uttar Pradesh","Mirzapur","2014-03-13",2014,3,0.0,"IMD GRID MODEL"
"Uttar Pradesh","Mirzapur","2014-03-14",2014,3,0.0,"IMD GRID MODEL"
"Uttar Pradesh","Mirzapur","2014-03-15",2014,3,0.0,"IMD GRID MODEL"
"Uttar Pradesh","Mirzapur","2014-03-16",2014,3,8.307752983,"IMD GRID MODEL"
"Uttar Pradesh","Mirzapur","2014-03-17",2014,3,13.8072663216,"IMD GRID MODEL"
"Uttar Pradesh","Mirzapur","2014-03-18",2014,3,1.8749522274,"IMD GRID MODEL"
"Uttar Pradesh","Mirzapur","2014-03-19",2014,3,0.0,"IMD GRID MODEL"
"Uttar Pradesh","Mirzapur","2014-03-20",2014,3,0.0,"IMD GRID MODEL"
"Uttar Pradesh","Mirzapur","2014-03-21",2014,3,0.0,"IMD GRID MODEL"
"Uttar Pradesh","Mirzapur","2014-03-22",2014,3,0.3503069789,"IMD GRID MODEL"
"Uttar Pradesh","Mirzapur","2014-03-23",2014,3,0.0,"IMD GRID MODEL"
"Uttar Pradesh","Mirzapur","2014-03-24",2014,3,11.4774977571,"IMD GRID MODEL"
"Uttar Pradesh","Mirzapur","2014-03-25",2014,3,9.4551208868,"IMD GRID MODEL"
"Uttar Pradesh","Mirzapur","2014-03-26",2014,3,0.0,"IMD GRID MODEL"
"Uttar Pradesh","Mirzapur","2014-03-27",2014,3,0.0,"IMD GRID MODEL"
"Uttar Pradesh","Mirzapur","2014-03-28",2014,3,0.0,"IMD GRID MODEL"
"Uttar Pradesh","Mirzapur","2014-03-29",2014,3,0.0,"IMD GRID MODEL"
"Uttar Pradesh","Mirzapur","2014-03-30",2014,3,0.0,"IMD GRID MODEL"
"Uttar Pradesh","Mirzapur","2014-03-31",2014,3,0.0,"IMD GRID MODEL"
"Uttar Pradesh","Mirzapur","2014-05-01",2014,5,0.0,"IMD GRID MODEL"
"Uttar Pradesh","Mirzapur","2014-05-02",2014,5,0.0,"IMD GRID MODEL"
"Uttar Pradesh","Mirzapur","2014-05-03",2014,5,2.4481844645,"IMD GRID MODEL"
"Uttar Pradesh","Mirzapur","2014-05-04",2014,5,13.5020874721,"IMD GRID MODEL"
"Uttar Pradesh","Mirzapur","2014-05-05",2014,5,6.2592338148,"IMD GRID MODEL"
"Uttar Pradesh","Mirzapur","2014-05-06",2014,5,4.3603584681,"IMD GRID MODEL"
"Uttar Pradesh","Mirzapur","2014-05-07",2014,5,0.0,"IMD GRID MODEL"
"Uttar Pradesh","Mirzapur","2014-05-08",2014,5,0.0,"IMD GRID MODEL"
"Uttar Pradesh","Mirzapur","2014-05-09",2014,5,0.0,"IMD GRID MODEL"
"Uttar Pradesh","Mirzapur","2014-05-10",2014,5,0.0,"IMD GRID MODEL"
"Uttar Pradesh","Mirzapur","2014-05-11",2014,5,0.0,"IMD GRID MODEL"
"Uttar Pradesh","Mirzapur","2014-05-12",2014,5,0.0,"IMD GRID MODEL"
"Uttar Pradesh","Mirzapur","2014-05-13",2014,5,0.0,"IMD GRID MODEL"
"Uttar Pradesh","Mirzapur","2014-05-14",2014,5,0.0,"IMD GRID MODEL"
"Uttar Pradesh","Mirzapur","2014-05-15",2014,5,0.0,"IMD GRID MODEL"
"Uttar Pradesh","Mirzapur","2014-05-16",2014,5,0.6345712576,"IMD GRID MODEL"
"Uttar Pradesh","Mirzapur","2014-05-17",2014,5,0.8729492291,"IMD GRID MODEL"
"Uttar Pradesh","Mirzapur","2014-05-18",2014,5,0.0,"IMD GRID MODEL"
"Uttar Pradesh","Mirzapur","2014-05-19",2014,5,0.0,"IMD GRID MODEL"
"Uttar Pradesh","Mirzapur","2014-05-20",2014,5,0.0,"IMD GRID MODEL"
"Uttar Pradesh","Mirzapur","2014-05-21",2014,5,0.0,"IMD GRID MODEL"
"Uttar Pradesh","Mirzapur","2014-05-22",2014,5,0.0,"IMD GRID MODEL"
"Uttar Pradesh","Mirzapur","2014-05-23",2014,5,0.0,"IMD GRID MODEL"
"Uttar Pradesh","Mirzapur","2014-05-24",2014,5,0.0,"IMD GRID MODEL"
"Uttar Pradesh","Mirzapur","2014-05-25",2014,5,0.0,"IMD GRID MODEL"
"Uttar Pradesh","Mirzapur","2014-05-26",2014,5,0.0,"IMD GRID MODEL"
"Uttar Pradesh","Mirzapur","2014-05-27",2014,5,0.0,"IMD GRID MODEL"
"Uttar Pradesh","Mirzapur","2014-05-28",2014,5,0.0,"IMD GRID MODEL"
"Uttar Pradesh","Mirzapur","2014-05-29",2014,5,0.1598560407,"IMD GRID MODEL"
"Uttar Pradesh","Mirzapur","2014-05-30",2014,5,0.0402544241,"IMD GRID MODEL"
"Uttar Pradesh","Mirzapur","2014-05-31",2014,5,0.0,"IMD GRID MODEL"
"Uttar Pradesh","Mirzapur","2014-11-02",2014,11,5.1018641382,"IMD GRID MODEL"
"Uttar Pradesh","Mirzapur","2014-11-03",2014,11,0.0,"IMD GRID MODEL"
"Uttar Pradesh","Mirzapur","2014-11-01",2014,11,0.0038118908,"IMD GRID MODEL"
"Uttar Pradesh","Mirzapur","2014-11-04",2014,11,0.0,"IMD GRID MODEL"
"Uttar Pradesh","Mirzapur","2014-11-05",2014,11,0.2992440382,"IMD GRID MODEL"
"Uttar Pradesh","Mirzapur","2014-11-06",2014,11,4.1712278269,"IMD GRID MODEL"
"Uttar Pradesh","Mirzapur","2014-11-07",2014,11,2.4639117361,"IMD GRID MODEL"
"Uttar Pradesh","Mirzapur","2014-11-08",2014,11,7.1972333672,"IMD GRID MODEL"
"Uttar Pradesh","Mirzapur","2014-11-09",2014,11,1.8003538656,"IMD GRID MODEL"
"Uttar Pradesh","Mirzapur","2014-11-10",2014,11,1.640570911,"IMD GRID MODEL"
"Uttar Pradesh","Mirzapur","2014-11-11",2014,11,9.7605487683,"IMD GRID MODEL"
"Uttar Pradesh","Mirzapur","2014-11-12",2014,11,0.2032662761,"IMD GRID MODEL"
"Uttar Pradesh","Mirzapur","2014-11-13",2014,11,0.2346676415,"IMD GRID MODEL"
"Uttar Pradesh","Mirzapur","2014-11-14",2014,11,0.1130722316,"IMD GRID MODEL"
"Uttar Pradesh","Mirzapur","2014-11-15",2014,11,0.8084858985,"IMD GRID MODEL"
"Uttar Pradesh","Mirzapur","2014-11-16",2014,11,4.9789029877,"IMD GRID MODEL"
"Uttar Pradesh","Mirzapur","2014-11-17",2014,11,20.4785799573,"IMD GRID MODEL"
"Uttar Pradesh","Mirzapur","2014-11-18",2014,11,5.8250222845,"IMD GRID MODEL"
"Uttar Pradesh","Mirzapur","2014-11-20",2014,11,0.2495639994,"IMD GRID MODEL"
"Uttar Pradesh","Mirzapur","2014-11-19",2014,11,2.3105542067,"IMD GRID MODEL"
"Uttar Pradesh","Mirzapur","2014-11-21",2014,11,2.35324637,"IMD GRID MODEL"
"Uttar Pradesh","Mirzapur","2014-11-22",2014,11,0.0203975557,"IMD GRID MODEL"
"Uttar Pradesh","Mirzapur","2014-11-23",2014,11,2.0708255802,"IMD GRID MODEL"
"Uttar Pradesh","Mirzapur","2014-11-24",2014,11,16.006928972,"IMD GRID MODEL"
"Uttar Pradesh","Mirzapur","2014-11-25",2014,11,5.7324558323,"IMD GRID MODEL"
"Uttar Pradesh","Mirzapur","2014-11-26",2014,11,2.7452375029,"IMD GRID MODEL"
"Uttar Pradesh","Mirzapur","2014-11-27",2014,11,0.0435111433,"IMD GRID MODEL"
"Uttar Pradesh","Mirzapur","2014-11-28",2014,11,0.0,"IMD GRID MODEL"
"Uttar Pradesh","Mirzapur","2014-11-29",2014,11,0.3381105508,"IMD GRID MODEL"
"Uttar Pradesh","Mirzapur","2014-11-30",2014,11,0.0,"IMD GRID MODEL"
"Uttar Pradesh","Mirzapur","2014-10-02",2014,10,0.0,"IMD GRID MODEL"
"Uttar Pradesh","Mirzapur","2014-10-03",2014,10,2.1002699228,"IMD GRID MODEL"
"Uttar Pradesh","Mirzapur","2014-10-04",2014,10,0.1254512028,"IMD GRID MODEL"
"Uttar Pradesh","Mirzapur","2014-10-05",2014,10,0.9329070784,"IMD GRID MODEL"
"Uttar Pradesh","Mirzapur","2014-10-06",2014,10,1.8270757412,"IMD GRID MODEL"
"Uttar Pradesh","Mirzapur","2014-10-07",2014,10,8.0452545632,"IMD GRID MODEL"
"Uttar Pradesh","Mirzapur","2014-10-08",2014,10,10.1736279342,"IMD GRID MODEL"
"Uttar Pradesh","Mirzapur","2014-10-09",2014,10,11.7890849151,"IMD GRID MODEL"
"Uttar Pradesh","Mirzapur","2014-10-10",2014,10,2.9632360397,"IMD GRID MODEL"
"Uttar Pradesh","Mirzapur","2014-10-11",2014,10,0.0124411812,"IMD GRID MODEL"
"Uttar Pradesh","Mirzapur","2014-10-01",2014,10,1.2151438196,"IMD GRID MODEL"
"Uttar Pradesh","Mirzapur","2014-10-12",2014,10,0.1532302555,"IMD GRID MODEL"
"Uttar Pradesh","Mirzapur","2014-10-13",2014,10,1.0913633724,"IMD GRID MODEL"
"Uttar Pradesh","Mirzapur","2014-10-14",2014,10,32.3246066156,"IMD GRID MODEL"
"Uttar Pradesh","Mirzapur","2014-10-15",2014,10,53.8479218197,"IMD GRID MODEL"
"Uttar Pradesh","Mirzapur","2014-10-16",2014,10,20.809369196,"IMD GRID MODEL"
"Uttar Pradesh","Mirzapur","2014-10-17",2014,10,2.3625139583,"IMD GRID MODEL"
"Uttar Pradesh","Mirzapur","2014-10-18",2014,10,4.0997831819,"IMD GRID MODEL"
"Uttar Pradesh","Mirzapur","2014-10-19",2014,10,0.2018615574,"IMD GRID MODEL"
"Uttar Pradesh","Mirzapur","2014-10-20",2014,10,9.1010260938,"IMD GRID MODEL"
"Uttar Pradesh","Mirzapur","2014-10-21",2014,10,0.1808933982,"IMD GRID MODEL"
"Uttar Pradesh","Mirzapur","2014-10-22",2014,10,0.0,"IMD GRID MODEL"
"Uttar Pradesh","Mirzapur","2014-10-23",2014,10,0.1399046484,"IMD GRID MODEL"
"Uttar Pradesh","Mirzapur","2014-10-24",2014,10,0.0,"IMD GRID MODEL"
"Uttar Pradesh","Mirzapur","2014-10-25",2014,10,1.4310229822,"IMD GRID MODEL"
"Uttar Pradesh","Mirzapur","2014-10-26",2014,10,0.7805386428,"IMD GRID MODEL"
"Uttar Pradesh","Mirzapur","2014-10-27",2014,10,0.0,"IMD GRID MODEL"
"Uttar Pradesh","Mirzapur","2014-10-28",2014,10,0.0,"IMD GRID MODEL"
"Uttar Pradesh","Mirzapur","2014-10-29",2014,10,0.0,"IMD GRID MODEL"
"Uttar Pradesh","Mirzapur","2014-10-30",2014,10,0.0,"IMD GRID MODEL"
"Uttar Pradesh","Mirzapur","2014-10-31",2014,10,0.0344023699,"IMD GRID MODEL"
"Uttar Pradesh","Mirzapur","2014-09-01",2014,9,9.7174353206,"IMD GRID MODEL"
"Uttar Pradesh","Mirzapur","2014-09-02",2014,9,0.0297327475,"IMD GRID MODEL"
"Uttar Pradesh","Mirzapur","2014-09-03",2014,9,0.0531423811,"IMD GRID MODEL"
"Uttar Pradesh","Mirzapur","2014-09-04",2014,9,0.546907813,"IMD GRID MODEL"
"Uttar Pradesh","Mirzapur","2014-09-05",2014,9,0.0336768697,"IMD GRID MODEL"
"Uttar Pradesh","Mirzapur","2014-09-06",2014,9,0.0222507902,"IMD GRID MODEL"
"Uttar Pradesh","Mirzapur","2014-09-07",2014,9,8.1613332069,"IMD GRID MODEL"
"Uttar Pradesh","Mirzapur","2014-09-08",2014,9,5.5904493693,"IMD GRID MODEL"
"Uttar Pradesh","Mirzapur","2014-09-09",2014,9,31.711692764,"IMD GRID MODEL"
"Uttar Pradesh","Mirzapur","2014-09-10",2014,9,6.3149467377,"IMD GRID MODEL"
"Uttar Pradesh","Mirzapur","2014-09-11",2014,9,0.0402556317,"IMD GRID MODEL"
"Uttar Pradesh","Mirzapur","2014-09-12",2014,9,0.0,"IMD GRID MODEL"
"Uttar Pradesh","Mirzapur","2014-09-13",2014,9,2.2455077467,"IMD GRID MODEL"
"Uttar Pradesh","Mirzapur","2014-09-14",2014,9,4.7482126296,"IMD GRID MODEL"
"Uttar Pradesh","Mirzapur","2014-09-15",2014,9,0.114182884,"IMD GRID MODEL"
"Uttar Pradesh","Mirzapur","2014-09-16",2014,9,6.2543545279,"IMD GRID MODEL"
"Uttar Pradesh","Mirzapur","2014-09-17",2014,9,0.0,"IMD GRID MODEL"
"Uttar Pradesh","Mirzapur","2014-09-18",2014,9,1.7293829426,"IMD GRID MODEL"
"Uttar Pradesh","Mirzapur","2014-09-19",2014,9,1.846810133,"IMD GRID MODEL"
"Uttar Pradesh","Mirzapur","2014-09-20",2014,9,14.139081931,"IMD GRID MODEL"
"Uttar Pradesh","Mirzapur","2014-09-21",2014,9,45.1493822676,"IMD GRID MODEL"
"Uttar Pradesh","Mirzapur","2014-09-22",2014,9,13.7614052896,"IMD GRID MODEL"
"Uttar Pradesh","Mirzapur","2014-09-23",2014,9,27.3478569519,"IMD GRID MODEL"
"Uttar Pradesh","Mirzapur","2014-09-24",2014,9,22.6735258798,"IMD GRID MODEL"
"Uttar Pradesh","Mirzapur","2014-09-25",2014,9,4.8417281664,"IMD GRID MODEL"
"Uttar Pradesh","Mirzapur","2014-09-26",2014,9,0.4587165511,"IMD GRID MODEL"
"Uttar Pradesh","Mirzapur","2014-09-27",2014,9,0.0,"IMD GRID MODEL"
"Uttar Pradesh","Mirzapur","2014-09-28",2014,9,0.0030068635,"IMD GRID MODEL"
"Uttar Pradesh","Mirzapur","2014-09-29",2014,9,2.3401211235,"IMD GRID MODEL"
"Uttar Pradesh","Mirzapur","2014-09-30",2014,9,8.3536023537,"IMD GRID MODEL"
"Uttar Pradesh","Mirzapur","2015-04-01",2015,4,0.1032407953,"IMD GRID MODEL"
"Uttar Pradesh","Mirzapur","2015-04-02",2015,4,2.0448765065,"IMD GRID MODEL"
"Uttar Pradesh","Mirzapur","2015-04-03",2015,4,5.42602581,"IMD GRID MODEL"
"Uttar Pradesh","Mirzapur","2015-04-04",2015,4,1.9850728354,"IMD GRID MODEL"
"Uttar Pradesh","Mirzapur","2015-04-05",2015,4,0.0,"IMD GRID MODEL"
"Uttar Pradesh","Mirzapur","2015-04-06",2015,4,0.0,"IMD GRID MODEL"
"Uttar Pradesh","Mirzapur","2015-04-07",2015,4,0.0,"IMD GRID MODEL"
"Uttar Pradesh","Mirzapur","2015-04-08",2015,4,0.0,"IMD GRID MODEL"
"Uttar Pradesh","Mirzapur","2015-04-09",2015,4,0.0,"IMD GRID MODEL"
"Uttar Pradesh","Mirzapur","2015-04-10",2015,4,0.4221872771,"IMD GRID MODEL"
"Uttar Pradesh","Mirzapur","2015-04-11",2015,4,0.0,"IMD GRID MODEL"
"Uttar Pradesh","Mirzapur","2015-04-12",2015,4,0.0,"IMD GRID MODEL"
"Uttar Pradesh","Mirzapur","2015-04-13",2015,4,0.0,"IMD GRID MODEL"
"Uttar Pradesh","Mirzapur","2015-04-14",2015,4,0.0,"IMD GRID MODEL"
"Uttar Pradesh","Mirzapur","2015-04-15",2015,4,0.1053904445,"IMD GRID MODEL"
"Uttar Pradesh","Mirzapur","2015-04-16",2015,4,0.0,"IMD GRID MODEL"
"Uttar Pradesh","Mirzapur","2015-04-17",2015,4,0.0,"IMD GRID MODEL"
"Uttar Pradesh","Mirzapur","2015-04-18",2015,4,0.0,"IMD GRID MODEL"
"Uttar Pradesh","Mirzapur","2015-04-19",2015,4,0.0,"IMD GRID MODEL"
"Uttar Pradesh","Mirzapur","2015-04-20",2015,4,0.0,"IMD GRID MODEL"
"Uttar Pradesh","Mirzapur","2015-04-21",2015,4,0.0,"IMD GRID MODEL"
"Uttar Pradesh","Mirzapur","2015-04-22",2015,4,0.0,"IMD GRID MODEL"
"Uttar Pradesh","Mirzapur","2015-04-23",2015,4,0.0,"IMD GRID MODEL"
"Uttar Pradesh","Mirzapur","2015-04-24",2015,4,0.0,"IMD GRID MODEL"
"Uttar Pradesh","Mirzapur","2015-04-25",2015,4,0.0,"IMD GRID MODEL"
"Uttar Pradesh","Mirzapur","2015-04-26",2015,4,0.0,"IMD GRID MODEL"
"Uttar Pradesh","Mirzapur","2015-04-27",2015,4,0.0,"IMD GRID MODEL"
"Uttar Pradesh","Mirzapur","2015-04-28",2015,4,0.0,"IMD GRID MODEL"
"Uttar Pradesh","Mirzapur","2015-04-29",2015,4,0.0,"IMD GRID MODEL"
"Uttar Pradesh","Mirzapur","2015-04-30",2015,4,0.0,"IMD GRID MODEL"
"Uttar Pradesh","Mirzapur","2015-08-02",2015,8,0.0,"IMD GRID MODEL"
"Uttar Pradesh","Mirzapur","2015-08-03",2015,8,0.0,"IMD GRID MODEL"
"Uttar Pradesh","Mirzapur","2015-08-04",2015,8,0.0,"IMD GRID MODEL"
"Uttar Pradesh","Mirzapur","2015-08-01",2015,8,0.0,"IMD GRID MODEL"
"Uttar Pradesh","Mirzapur","2015-08-05",2015,8,0.0,"IMD GRID MODEL"
"Uttar Pradesh","Mirzapur","2015-08-06",2015,8,0.0,"IMD GRID MODEL"
"Uttar Pradesh","Mirzapur","2015-08-07",2015,8,0.0,"IMD GRID MODEL"
"Uttar Pradesh","Mirzapur","2015-08-08",2015,8,0.0153788648,"IMD GRID MODEL"
"Uttar Pradesh","Mirzapur","2015-08-09",2015,8,0.1939771551,"IMD GRID MODEL"
"Uttar Pradesh","Mirzapur","2015-08-10",2015,8,0.0,"IMD GRID MODEL"
"Uttar Pradesh","Mirzapur","2015-08-11",2015,8,0.0,"IMD GRID MODEL"
"Uttar Pradesh","Mirzapur","2015-08-12",2015,8,0.0,"IMD GRID MODEL"
"Uttar Pradesh","Mirzapur","2015-08-13",2015,8,0.0,"IMD GRID MODEL"
"Uttar Pradesh","Mirzapur","2015-08-14",2015,8,0.0,"IMD GRID MODEL"
"Uttar Pradesh","Mirzapur","2015-08-15",2015,8,0.0,"IMD GRID MODEL"
"Uttar Pradesh","Mirzapur","2015-08-16",2015,8,0.0,"IMD GRID MODEL"
"Uttar Pradesh","Mirzapur","2015-08-17",2015,8,1.999475196,"IMD GRID MODEL"
"Uttar Pradesh","Mirzapur","2015-08-18",2015,8,1.0163497903,"IMD GRID MODEL"
"Uttar Pradesh","Mirzapur","2015-08-19",2015,8,0.6778040893,"IMD GRID MODEL"
"Uttar Pradesh","Mirzapur","2015-08-20",2015,8,0.2274398959,"IMD GRID MODEL"
"Uttar Pradesh","Mirzapur","2015-08-21",2015,8,0.0264604001,"IMD GRID MODEL"
"Uttar Pradesh","Mirzapur","2015-08-22",2015,8,0.0,"IMD GRID MODEL"
"Uttar Pradesh","Mirzapur","2015-08-23",2015,8,0.7903198545,"IMD GRID MODEL"
"Uttar Pradesh","Mirzapur","2015-08-24",2015,8,0.0,"IMD GRID MODEL"
"Uttar Pradesh","Mirzapur","2015-08-25",2015,8,0.0,"IMD GRID MODEL"
"Uttar Pradesh","Mirzapur","2015-08-26",2015,8,0.6948793695,"IMD GRID MODEL"
"Uttar Pradesh","Mirzapur","2015-08-27",2015,8,0.2448391569,"IMD GRID MODEL"
"Uttar Pradesh","Mirzapur","2015-08-28",2015,8,0.0165240832,"IMD GRID MODEL"
"Uttar Pradesh","Mirzapur","2015-08-29",2015,8,9.0923715351,"IMD GRID MODEL"
"Uttar Pradesh","Mirzapur","2015-08-30",2015,8,1.0323552417,"IMD GRID MODEL"
"Uttar Pradesh","Mirzapur","2015-08-31",2015,8,0.0066151,"IMD GRID MODEL"
"Uttar Pradesh","Mirzapur","2015-12-01",2015,12,0.0,"IMD GRID MODEL"
"Uttar Pradesh","Mirzapur","2015-12-02",2015,12,0.0,"IMD GRID MODEL"
"Uttar Pradesh","Mirzapur","2015-12-03",2015,12,0.0,"IMD GRID MODEL"
"Uttar Pradesh","Mirzapur","2015-12-04",2015,12,0.0,"IMD GRID MODEL"
"Uttar Pradesh","Mirzapur","2015-12-05",2015,12,0.0,"IMD GRID MODEL"
"Uttar Pradesh","Mirzapur","2015-12-06",2015,12,0.0,"IMD GRID MODEL"
"Uttar Pradesh","Mirzapur","2015-12-07",2015,12,0.0,"IMD GRID MODEL"
"Uttar Pradesh","Mirzapur","2015-12-08",2015,12,0.0,"IMD GRID MODEL"
"Uttar Pradesh","Mirzapur","2015-12-09",2015,12,0.0,"IMD GRID MODEL"
"Uttar Pradesh","Mirzapur","2015-12-10",2015,12,0.0,"IMD GRID MODEL"
"Uttar Pradesh","Mirzapur","2015-12-11",2015,12,0.0,"IMD GRID MODEL"
"Uttar Pradesh","Mirzapur","2015-12-12",2015,12,0.0,"IMD GRID MODEL"
"Uttar Pradesh","Mirzapur","2015-12-13",2015,12,0.0,"IMD GRID MODEL"
"Uttar Pradesh","Mirzapur","2015-12-14",2015,12,0.0,"IMD GRID MODEL"
"Uttar Pradesh","Mirzapur","2015-12-15",2015,12,0.0,"IMD GRID MODEL"
"Uttar Pradesh","Mirzapur","2015-12-16",2015,12,0.0,"IMD GRID MODEL"
"Uttar Pradesh","Mirzapur","2015-12-17",2015,12,0.0,"IMD GRID MODEL"
"Uttar Pradesh","Mirzapur","2015-12-18",2015,12,0.0,"IMD GRID MODEL"
"Uttar Pradesh","Mirzapur","2015-12-19",2015,12,0.0,"IMD GRID MODEL"
"Uttar Pradesh","Mirzapur","2015-12-20",2015,12,0.0,"IMD GRID MODEL"
"Uttar Pradesh","Mirzapur","2015-12-21",2015,12,0.0,"IMD GRID MODEL"
"Uttar Pradesh","Mirzapur","2015-12-22",2015,12,0.0,"IMD GRID MODEL"
"Uttar Pradesh","Mirzapur","2015-12-23",2015,12,0.0,"IMD GRID MODEL"
"Uttar Pradesh","Mirzapur","2015-12-24",2015,12,0.0,"IMD GRID MODEL"
"Uttar Pradesh","Mirzapur","2015-12-25",2015,12,0.0,"IMD GRID MODEL"
"Uttar Pradesh","Mirzapur","2015-12-26",2015,12,0.0168384349,"IMD GRID MODEL"
"Uttar Pradesh","Mirzapur","2015-12-27",2015,12,0.0186425533,"IMD GRID MODEL"
"Uttar Pradesh","Mirzapur","2015-12-28",2015,12,0.0,"IMD GRID MODEL"
"Uttar Pradesh","Mirzapur","2015-12-29",2015,12,0.0,"IMD GRID MODEL"
"Uttar Pradesh","Mirzapur","2015-12-30",2015,12,0.0,"IMD GRID MODEL"
"Uttar Pradesh","Mirzapur","2015-12-31",2015,12,0.0,"IMD GRID MODEL"
"Uttar Pradesh","Mirzapur","2015-02-01",2015,2,0.0,"IMD GRID MODEL"
"Uttar Pradesh","Mirzapur","2015-02-02",2015,2,0.0,"IMD GRID MODEL"
"Uttar Pradesh","Mirzapur","2015-02-03",2015,2,0.0,"IMD GRID MODEL"
"Uttar Pradesh","Mirzapur","2015-02-04",2015,2,0.0,"IMD GRID MODEL"
"Uttar Pradesh","Mirzapur","2015-02-05",2015,2,0.0,"IMD GRID MODEL"
"Uttar Pradesh","Mirzapur","2015-02-06",2015,2,0.6790669232,"IMD GRID MODEL"
"Uttar Pradesh","Mirzapur","2015-02-07",2015,2,0.0,"IMD GRID MODEL"
"Uttar Pradesh","Mirzapur","2015-02-08",2015,2,0.0,"IMD GRID MODEL"
"Uttar Pradesh","Mirzapur","2015-02-09",2015,2,0.0,"IMD GRID MODEL"
"Uttar Pradesh","Mirzapur","2015-02-10",2015,2,0.0,"IMD GRID MODEL"
"Uttar Pradesh","Mirzapur","2015-02-11",2015,2,0.0,"IMD GRID MODEL"
"Uttar Pradesh","Mirzapur","2015-02-12",2015,2,0.0,"IMD GRID MODEL"
"Uttar Pradesh","Mirzapur","2015-02-13",2015,2,0.0,"IMD GRID MODEL"
"Uttar Pradesh","Mirzapur","2015-02-14",2015,2,0.0,"IMD GRID MODEL"
"Uttar Pradesh","Mirzapur","2015-02-15",2015,2,0.0,"IMD GRID MODEL"
"Uttar Pradesh","Mirzapur","2015-02-16",2015,2,0.0,"IMD GRID MODEL"
"Uttar Pradesh","Mirzapur","2015-02-17",2015,2,0.0,"IMD GRID MODEL"
"Uttar Pradesh","Mirzapur","2015-02-18",2015,2,0.0,"IMD GRID MODEL"
"Uttar Pradesh","Mirzapur","2015-02-19",2015,2,0.0,"IMD GRID MODEL"
"Uttar Pradesh","Mirzapur","2015-02-20",2015,2,0.0,"IMD GRID MODEL"
"Uttar Pradesh","Mirzapur","2015-02-21",2015,2,0.0,"IMD GRID MODEL"
"Uttar Pradesh","Mirzapur","2015-02-22",2015,2,0.0,"IMD GRID MODEL"
"Uttar Pradesh","Mirzapur","2015-02-23",2015,2,0.0,"IMD GRID MODEL"
"Uttar Pradesh","Mirzapur","2015-02-24",2015,2,0.0,"IMD GRID MODEL"
"Uttar Pradesh","Mirzapur","2015-02-25",2015,2,0.0,"IMD GRID MODEL"
"Uttar Pradesh","Mirzapur","2015-02-26",2015,2,0.0,"IMD GRID MODEL"
"Uttar Pradesh","Mirzapur","2015-02-27",2015,2,0.0,"IMD GRID MODEL"
"Uttar Pradesh","Mirzapur","2015-02-28",2015,2,0.0,"IMD GRID MODEL"
"Uttar Pradesh","Mirzapur","2015-01-01",2015,1,0.0,"IMD GRID MODEL"
"Uttar Pradesh","Mirzapur","2015-01-02",2015,1,15.587319321,"IMD GRID MODEL"
"Uttar Pradesh","Mirzapur","2015-01-03",2015,1,10.9221152701,"IMD GRID MODEL"
"Uttar Pradesh","Mirzapur","2015-01-04",2015,1,0.0,"IMD GRID MODEL"
"Uttar Pradesh","Mirzapur","2015-01-05",2015,1,0.0,"IMD GRID MODEL"
"Uttar Pradesh","Mirzapur","2015-01-06",2015,1,0.2345382272,"IMD GRID MODEL"
"Uttar Pradesh","Mirzapur","2015-01-07",2015,1,0.0,"IMD GRID MODEL"
"Uttar Pradesh","Mirzapur","2015-01-08",2015,1,0.0,"IMD GRID MODEL"
"Uttar Pradesh","Mirzapur","2015-01-09",2015,1,0.0,"IMD GRID MODEL"
"Uttar Pradesh","Mirzapur","2015-01-10",2015,1,0.2877549218,"IMD GRID MODEL"
"Uttar Pradesh","Mirzapur","2015-01-11",2015,1,0.0,"IMD GRID MODEL"
"Uttar Pradesh","Mirzapur","2015-01-12",2015,1,0.0,"IMD GRID MODEL"
"Uttar Pradesh","Mirzapur","2015-01-13",2015,1,0.0,"IMD GRID MODEL"
"Uttar Pradesh","Mirzapur","2015-01-14",2015,1,0.0,"IMD GRID MODEL"
"Uttar Pradesh","Mirzapur","2015-01-15",2015,1,0.0,"IMD GRID MODEL"
"Uttar Pradesh","Mirzapur","2015-01-16",2015,1,0.0,"IMD GRID MODEL"
"Uttar Pradesh","Mirzapur","2015-01-17",2015,1,0.0,"IMD GRID MODEL"
"Uttar Pradesh","Mirzapur","2015-01-18",2015,1,0.0,"IMD GRID MODEL"
"Uttar Pradesh","Mirzapur","2015-01-19",2015,1,0.0,"IMD GRID MODEL"
"Uttar Pradesh","Mirzapur","2015-01-20",2015,1,0.0,"IMD GRID MODEL"
"Uttar Pradesh","Mirzapur","2015-01-21",2015,1,0.0,"IMD GRID MODEL"
"Uttar Pradesh","Mirzapur","2015-01-22",2015,1,0.0,"IMD GRID MODEL"
"Uttar Pradesh","Mirzapur","2015-01-23",2015,1,0.0,"IMD GRID MODEL"
"Uttar Pradesh","Mirzapur","2015-01-24",2015,1,0.0,"IMD GRID MODEL"
"Uttar Pradesh","Mirzapur","2015-01-25",2015,1,0.0,"IMD GRID MODEL"
"Uttar Pradesh","Mirzapur","2015-01-26",2015,1,0.0,"IMD GRID MODEL"
"Uttar Pradesh","Mirzapur","2015-01-27",2015,1,0.0,"IMD GRID MODEL"
"Uttar Pradesh","Mirzapur","2015-01-28",2015,1,0.0,"IMD GRID MODEL"
"Uttar Pradesh","Mirzapur","2015-01-29",2015,1,0.0,"IMD GRID MODEL"
"Uttar Pradesh","Mirzapur","2015-01-30",2015,1,0.0,"IMD GRID MODEL"
"Uttar Pradesh","Mirzapur","2015-01-31",2015,1,0.0,"IMD GRID MODEL"
"Uttar Pradesh","Mirzapur","2015-07-02",2015,7,0.0,"IMD GRID MODEL"
"Uttar Pradesh","Mirzapur","2015-07-03",2015,7,0.0177838062,"IMD GRID MODEL"
"Uttar Pradesh","Mirzapur","2015-07-04",2015,7,0.0,"IMD GRID MODEL"
"Uttar Pradesh","Mirzapur","2015-07-01",2015,7,0.0,"IMD GRID MODEL"
"Uttar Pradesh","Mirzapur","2015-07-05",2015,7,0.0,"IMD GRID MODEL"
"Uttar Pradesh","Mirzapur","2015-07-06",2015,7,0.0,"IMD GRID MODEL"
"Uttar Pradesh","Mirzapur","2015-07-07",2015,7,0.0,"IMD GRID MODEL"
"Uttar Pradesh","Mirzapur","2015-07-08",2015,7,0.0,"IMD GRID MODEL"
"Uttar Pradesh","Mirzapur","2015-07-09",2015,7,0.0,"IMD GRID MODEL"
"Uttar Pradesh","Mirzapur","2015-07-10",2015,7,0.0,"IMD GRID MODEL"
"Uttar Pradesh","Mirzapur","2015-07-11",2015,7,0.0,"IMD GRID MODEL"
"Uttar Pradesh","Mirzapur","2015-07-12",2015,7,0.0,"IMD GRID MODEL"
"Uttar Pradesh","Mirzapur","2015-07-13",2015,7,0.0,"IMD GRID MODEL"
"Uttar Pradesh","Mirzapur","2015-07-14",2015,7,0.0,"IMD GRID MODEL"
"Uttar Pradesh","Mirzapur","2015-07-15",2015,7,0.0,"IMD GRID MODEL"
"Uttar Pradesh","Mirzapur","2015-07-16",2015,7,0.5852793265,"IMD GRID MODEL"
"Uttar Pradesh","Mirzapur","2015-07-17",2015,7,0.0,"IMD GRID MODEL"
"Uttar Pradesh","Mirzapur","2015-07-18",2015,7,0.0,"IMD GRID MODEL"
"Uttar Pradesh","Mirzapur","2015-07-19",2015,7,2.3262034348,"IMD GRID MODEL"
"Uttar Pradesh","Mirzapur","2015-07-20",2015,7,0.0,"IMD GRID MODEL"
"Uttar Pradesh","Mirzapur","2015-07-21",2015,7,0.0468109822,"IMD GRID MODEL"
"Uttar Pradesh","Mirzapur","2015-07-22",2015,7,0.0,"IMD GRID MODEL"
"Uttar Pradesh","Mirzapur","2015-07-23",2015,7,0.0,"IMD GRID MODEL"
"Uttar Pradesh","Mirzapur","2015-07-24",2015,7,0.0,"IMD GRID MODEL"
"Uttar Pradesh","Mirzapur","2015-07-25",2015,7,0.0,"IMD GRID MODEL"
"Uttar Pradesh","Mirzapur","2015-07-26",2015,7,0.0,"IMD GRID MODEL"
"Uttar Pradesh","Mirzapur","2015-07-27",2015,7,0.0,"IMD GRID MODEL"
"Uttar Pradesh","Mirzapur","2015-07-28",2015,7,0.0,"IMD GRID MODEL"
"Uttar Pradesh","Mirzapur","2015-07-29",2015,7,0.0,"IMD GRID MODEL"
"Uttar Pradesh","Mirzapur","2015-07-30",2015,7,0.0,"IMD GRID MODEL"
"Uttar Pradesh","Mirzapur","2015-07-31",2015,7,0.0,"IMD GRID MODEL"
"Uttar Pradesh","Mirzapur","2015-06-01",2015,6,0.001108691,"IMD GRID MODEL"
"Uttar Pradesh","Mirzapur","2015-06-02",2015,6,0.0,"IMD GRID MODEL"
"Uttar Pradesh","Mirzapur","2015-06-03",2015,6,0.0,"IMD GRID MODEL"
"Uttar Pradesh","Mirzapur","2015-06-04",2015,6,0.3716807636,"IMD GRID MODEL"
"Uttar Pradesh","Mirzapur","2015-06-05",2015,6,0.0,"IMD GRID MODEL"
"Uttar Pradesh","Mirzapur","2015-06-06",2015,6,0.0,"IMD GRID MODEL"
"Uttar Pradesh","Mirzapur","2015-06-07",2015,6,0.0,"IMD GRID MODEL"
"Uttar Pradesh","Mirzapur","2015-06-08",2015,6,0.0,"IMD GRID MODEL"
"Uttar Pradesh","Mirzapur","2015-06-09",2015,6,0.6943271717,"IMD GRID MODEL"
"Uttar Pradesh","Mirzapur","2015-06-10",2015,6,1.4111903129,"IMD GRID MODEL"
"Uttar Pradesh","Mirzapur","2015-06-11",2015,6,0.0,"IMD GRID MODEL"
"Uttar Pradesh","Mirzapur","2015-06-12",2015,6,0.0,"IMD GRID MODEL"
"Uttar Pradesh","Mirzapur","2015-06-13",2015,6,0.0,"IMD GRID MODEL"
"Uttar Pradesh","Mirzapur","2015-06-14",2015,6,0.0,"IMD GRID MODEL"
"Uttar Pradesh","Mirzapur","2015-06-15",2015,6,0.0,"IMD GRID MODEL"
"Uttar Pradesh","Mirzapur","2015-06-16",2015,6,0.0294672634,"IMD GRID MODEL"
"Uttar Pradesh","Mirzapur","2015-06-17",2015,6,0.0,"IMD GRID MODEL"
"Uttar Pradesh","Mirzapur","2015-06-18",2015,6,4.4260978504,"IMD GRID MODEL"
"Uttar Pradesh","Mirzapur","2015-06-19",2015,6,10.8308619809,"IMD GRID MODEL"
"Uttar Pradesh","Mirzapur","2015-06-20",2015,6,7.2595444415,"IMD GRID MODEL"
"Uttar Pradesh","Mirzapur","2015-06-21",2015,6,0.0,"IMD GRID MODEL"
"Uttar Pradesh","Mirzapur","2015-06-22",2015,6,0.0,"IMD GRID MODEL"
"Uttar Pradesh","Mirzapur","2015-06-23",2015,6,0.0,"IMD GRID MODEL"
"Uttar Pradesh","Mirzapur","2015-06-24",2015,6,0.0,"IMD GRID MODEL"
"Uttar Pradesh","Mirzapur","2015-06-25",2015,6,0.0,"IMD GRID MODEL"
"Uttar Pradesh","Mirzapur","2015-06-26",2015,6,0.0,"IMD GRID MODEL"
"Uttar Pradesh","Mirzapur","2015-06-27",2015,6,0.0,"IMD GRID MODEL"
"Uttar Pradesh","Mirzapur","2015-06-28",2015,6,0.0,"IMD GRID MODEL"
"Uttar Pradesh","Mirzapur","2015-06-29",2015,6,0.0,"IMD GRID MODEL"
"Uttar Pradesh","Mirzapur","2015-06-30",2015,6,0.0,"IMD GRID MODEL"
"Uttar Pradesh","Mirzapur","2015-03-01",2015,3,0.0,"IMD GRID MODEL"
"Uttar Pradesh","Mirzapur","2015-03-02",2015,3,0.0,"IMD GRID MODEL"
"Uttar Pradesh","Mirzapur","2015-03-04",2015,3,0.0,"IMD GRID MODEL"
"Uttar Pradesh","Mirzapur","2015-03-05",2015,3,0.0,"IMD GRID MODEL"
"Uttar Pradesh","Mirzapur","2015-03-03",2015,3,0.0,"IMD GRID MODEL"
"Uttar Pradesh","Mirzapur","2015-03-06",2015,3,0.0,"IMD GRID MODEL"
"Uttar Pradesh","Mirzapur","2015-03-07",2015,3,0.0180411818,"IMD GRID MODEL"
"Uttar Pradesh","Mirzapur","2015-03-08",2015,3,27.110571768,"IMD GRID MODEL"
"Uttar Pradesh","Mirzapur","2015-03-09",2015,3,1.3501058227,"IMD GRID MODEL"
"Uttar Pradesh","Mirzapur","2015-03-10",2015,3,1.920782789,"IMD GRID MODEL"
"Uttar Pradesh","Mirzapur","2015-03-11",2015,3,0.0,"IMD GRID MODEL"
"Uttar Pradesh","Mirzapur","2015-03-12",2015,3,0.0,"IMD GRID MODEL"
"Uttar Pradesh","Mirzapur","2015-03-13",2015,3,0.0,"IMD GRID MODEL"
"Uttar Pradesh","Mirzapur","2015-03-14",2015,3,0.0,"IMD GRID MODEL"
"Uttar Pradesh","Mirzapur","2015-03-15",2015,3,0.0,"IMD GRID MODEL"
"Uttar Pradesh","Mirzapur","2015-03-16",2015,3,0.0,"IMD GRID MODEL"
"Uttar Pradesh","Mirzapur","2015-03-17",2015,3,0.0,"IMD GRID MODEL"
"Uttar Pradesh","Mirzapur","2015-03-18",2015,3,0.0,"IMD GRID MODEL"
"Uttar Pradesh","Mirzapur","2015-03-19",2015,3,0.0,"IMD GRID MODEL"
"Uttar Pradesh","Mirzapur","2015-03-20",2015,3,0.0,"IMD GRID MODEL"
"Uttar Pradesh","Mirzapur","2015-03-21",2015,3,0.0,"IMD GRID MODEL"
"Uttar Pradesh","Mirzapur","2015-03-22",2015,3,0.0,"IMD GRID MODEL"
"Uttar Pradesh","Mirzapur","2015-03-23",2015,3,0.0,"IMD GRID MODEL"
"Uttar Pradesh","Mirzapur","2015-03-24",2015,3,0.0,"IMD GRID MODEL"
"Uttar Pradesh","Mirzapur","2015-03-25",2015,3,0.0,"IMD GRID MODEL"
"Uttar Pradesh","Mirzapur","2015-03-26",2015,3,0.0,"IMD GRID MODEL"
"Uttar Pradesh","Mirzapur","2015-03-27",2015,3,0.0,"IMD GRID MODEL"
"Uttar Pradesh","Mirzapur","2015-03-28",2015,3,0.0,"IMD GRID MODEL"
"Uttar Pradesh","Mirzapur","2015-03-29",2015,3,0.0967615337,"IMD GRID MODEL"
"Uttar Pradesh","Mirzapur","2015-03-30",2015,3,0.0,"IMD GRID MODEL"
"Uttar Pradesh","Mirzapur","2015-03-31",2015,3,0.0,"IMD GRID MODEL"
"Uttar Pradesh","Mirzapur","2015-05-02",2015,5,0.2267201669,"IMD GRID MODEL"
"Uttar Pradesh","Mirzapur","2015-05-03",2015,5,0.2893372101,"IMD GRID MODEL"
"Uttar Pradesh","Mirzapur","2015-05-01",2015,5,0.0,"IMD GRID MODEL"
"Uttar Pradesh","Mirzapur","2015-05-04",2015,5,0.0,"IMD GRID MODEL"
"Uttar Pradesh","Mirzapur","2015-05-05",2015,5,1.4087607361,"IMD GRID MODEL"
"Uttar Pradesh","Mirzapur","2015-05-06",2015,5,11.6621355927,"IMD GRID MODEL"
"Uttar Pradesh","Mirzapur","2015-05-07",2015,5,1.810570312,"IMD GRID MODEL"
"Uttar Pradesh","Mirzapur","2015-05-08",2015,5,0.2931572339,"IMD GRID MODEL"
"Uttar Pradesh","Mirzapur","2015-05-09",2015,5,0.0,"IMD GRID MODEL"
"Uttar Pradesh","Mirzapur","2015-05-11",2015,5,0.0,"IMD GRID MODEL"
"Uttar Pradesh","Mirzapur","2015-05-12",2015,5,0.0,"IMD GRID MODEL"
"Uttar Pradesh","Mirzapur","2015-05-13",2015,5,0.0,"IMD GRID MODEL"
"Uttar Pradesh","Mirzapur","2015-05-10",2015,5,0.0,"IMD GRID MODEL"
"Uttar Pradesh","Mirzapur","2015-05-14",2015,5,0.0,"IMD GRID MODEL"
"Uttar Pradesh","Mirzapur","2015-05-15",2015,5,0.0,"IMD GRID MODEL"
"Uttar Pradesh","Mirzapur","2015-05-16",2015,5,0.0,"IMD GRID MODEL"
"Uttar Pradesh","Mirzapur","2015-05-17",2015,5,0.0,"IMD GRID MODEL"
"Uttar Pradesh","Mirzapur","2015-05-18",2015,5,0.0,"IMD GRID MODEL"
"Uttar Pradesh","Mirzapur","2015-05-19",2015,5,0.0,"IMD GRID MODEL"
"Uttar Pradesh","Mirzapur","2015-05-20",2015,5,6.0059311289,"IMD GRID MODEL"
"Uttar Pradesh","Mirzapur","2015-05-21",2015,5,1.7738962612,"IMD GRID MODEL"
"Uttar Pradesh","Mirzapur","2015-05-22",2015,5,0.0,"IMD GRID MODEL"
"Uttar Pradesh","Mirzapur","2015-05-23",2015,5,0.0,"IMD GRID MODEL"
"Uttar Pradesh","Mirzapur","2015-05-24",2015,5,0.0,"IMD GRID MODEL"
"Uttar Pradesh","Mirzapur","2015-05-25",2015,5,0.0,"IMD GRID MODEL"
"Uttar Pradesh","Mirzapur","2015-05-26",2015,5,0.0,"IMD GRID MODEL"
"Uttar Pradesh","Mirzapur","2015-05-27",2015,5,0.0,"IMD GRID MODEL"
"Uttar Pradesh","Mirzapur","2015-05-28",2015,5,0.0,"IMD GRID MODEL"
"Uttar Pradesh","Mirzapur","2015-05-29",2015,5,0.0,"IMD GRID MODEL"
"Uttar Pradesh","Mirzapur","2015-05-30",2015,5,0.0,"IMD GRID MODEL"
"Uttar Pradesh","Mirzapur","2015-05-31",2015,5,0.0,"IMD GRID MODEL"
"Uttar Pradesh","Mirzapur","2015-11-01",2015,11,8.5214205996,"IMD GRID MODEL"
"Uttar Pradesh","Mirzapur","2015-11-02",2015,11,0.0096691508,"IMD GRID MODEL"
"Uttar Pradesh","Mirzapur","2015-11-03",2015,11,4.2644602211,"IMD GRID MODEL"
"Uttar Pradesh","Mirzapur","2015-11-04",2015,11,1.5276589233,"IMD GRID MODEL"
"Uttar Pradesh","Mirzapur","2015-11-05",2015,11,0.0812016935,"IMD GRID MODEL"
"Uttar Pradesh","Mirzapur","2015-11-06",2015,11,0.0,"IMD GRID MODEL"
"Uttar Pradesh","Mirzapur","2015-11-07",2015,11,0.0,"IMD GRID MODEL"
"Uttar Pradesh","Mirzapur","2015-11-08",2015,11,0.3014169252,"IMD GRID MODEL"
"Uttar Pradesh","Mirzapur","2015-11-09",2015,11,0.0,"IMD GRID MODEL"
"Uttar Pradesh","Mirzapur","2015-11-10",2015,11,0.0,"IMD GRID MODEL"
"Uttar Pradesh","Mirzapur","2015-11-11",2015,11,0.0,"IMD GRID MODEL"
"Uttar Pradesh","Mirzapur","2015-11-12",2015,11,0.0240549084,"IMD GRID MODEL"
"Uttar Pradesh","Mirzapur","2015-11-13",2015,11,0.0,"IMD GRID MODEL"
"Uttar Pradesh","Mirzapur","2015-11-14",2015,11,0.0,"IMD GRID MODEL"
"Uttar Pradesh","Mirzapur","2015-11-15",2015,11,0.0,"IMD GRID MODEL"
"Uttar Pradesh","Mirzapur","2015-11-16",2015,11,0.2471299353,"IMD GRID MODEL"
"Uttar Pradesh","Mirzapur","2015-11-17",2015,11,0.0,"IMD GRID MODEL"
"Uttar Pradesh","Mirzapur","2015-11-18",2015,11,0.0,"IMD GRID MODEL"
"Uttar Pradesh","Mirzapur","2015-11-19",2015,11,0.2516509675,"IMD GRID MODEL"
"Uttar Pradesh","Mirzapur","2015-11-20",2015,11,0.0672289956,"IMD GRID MODEL"
"Uttar Pradesh","Mirzapur","2015-11-21",2015,11,0.1272450881,"IMD GRID MODEL"
"Uttar Pradesh","Mirzapur","2015-11-22",2015,11,0.0,"IMD GRID MODEL"
"Uttar Pradesh","Mirzapur","2015-11-23",2015,11,0.0,"IMD GRID MODEL"
"Uttar Pradesh","Mirzapur","2015-11-24",2015,11,0.0425047241,"IMD GRID MODEL"
"Uttar Pradesh","Mirzapur","2015-11-25",2015,11,0.1438230901,"IMD GRID MODEL"
"Uttar Pradesh","Mirzapur","2015-11-26",2015,11,5.3535870124,"IMD GRID MODEL"
"Uttar Pradesh","Mirzapur","2015-11-27",2015,11,0.2180297257,"IMD GRID MODEL"
"Uttar Pradesh","Mirzapur","2015-11-28",2015,11,0.0,"IMD GRID MODEL"
"Uttar Pradesh","Mirzapur","2015-11-29",2015,11,0.0,"IMD GRID MODEL"
"Uttar Pradesh","Mirzapur","2015-11-30",2015,11,0.0,"IMD GRID MODEL"
"Uttar Pradesh","Mirzapur","2015-10-01",2015,10,0.0,"IMD GRID MODEL"
"Uttar Pradesh","Mirzapur","2015-10-02",2015,10,0.0,"IMD GRID MODEL"
"Uttar Pradesh","Mirzapur","2015-10-03",2015,10,0.0,"IMD GRID MODEL"
"Uttar Pradesh","Mirzapur","2015-10-04",2015,10,4.1718501491,"IMD GRID MODEL"
"Uttar Pradesh","Mirzapur","2015-10-05",2015,10,20.9658032955,"IMD GRID MODEL"
"Uttar Pradesh","Mirzapur","2015-10-06",2015,10,2.3902246518,"IMD GRID MODEL"
"Uttar Pradesh","Mirzapur","2015-10-07",2015,10,35.8378830795,"IMD GRID MODEL"
"Uttar Pradesh","Mirzapur","2015-10-08",2015,10,3.0780192519,"IMD GRID MODEL"
"Uttar Pradesh","Mirzapur","2015-10-09",2015,10,0.164042178,"IMD GRID MODEL"
"Uttar Pradesh","Mirzapur","2015-10-10",2015,10,0.0,"IMD GRID MODEL"
"Uttar Pradesh","Mirzapur","2015-10-11",2015,10,0.0,"IMD GRID MODEL"
"Uttar Pradesh","Mirzapur","2015-10-12",2015,10,0.0152943258,"IMD GRID MODEL"
"Uttar Pradesh","Mirzapur","2015-10-13",2015,10,1.3016150072,"IMD GRID MODEL"
"Uttar Pradesh","Mirzapur","2015-10-14",2015,10,0.004574269,"IMD GRID MODEL"
"Uttar Pradesh","Mirzapur","2015-10-15",2015,10,4.0296093154,"IMD GRID MODEL"
"Uttar Pradesh","Mirzapur","2015-10-16",2015,10,0.6137289563,"IMD GRID MODEL"
"Uttar Pradesh","Mirzapur","2015-10-17",2015,10,1.6872825562,"IMD GRID MODEL"
"Uttar Pradesh","Mirzapur","2015-10-18",2015,10,0.0,"IMD GRID MODEL"
"Uttar Pradesh","Mirzapur","2015-10-19",2015,10,0.8453720601,"IMD GRID MODEL"
"Uttar Pradesh","Mirzapur","2015-10-20",2015,10,10.2661540548,"IMD GRID MODEL"
"Uttar Pradesh","Mirzapur","2015-10-21",2015,10,18.225848518,"IMD GRID MODEL"
"Uttar Pradesh","Mirzapur","2015-10-22",2015,10,50.0756207187,"IMD GRID MODEL"
"Uttar Pradesh","Mirzapur","2015-10-23",2015,10,14.4474964394,"IMD GRID MODEL"
"Uttar Pradesh","Mirzapur","2015-10-24",2015,10,0.354559868,"IMD GRID MODEL"
"Uttar Pradesh","Mirzapur","2015-10-25",2015,10,0.5187930297,"IMD GRID MODEL"
"Uttar Pradesh","Mirzapur","2015-10-26",2015,10,2.2047573718,"IMD GRID MODEL"
"Uttar Pradesh","Mirzapur","2015-10-27",2015,10,5.6247953029,"IMD GRID MODEL"
"Uttar Pradesh","Mirzapur","2015-10-28",2015,10,0.2434022906,"IMD GRID MODEL"
"Uttar Pradesh","Mirzapur","2015-10-29",2015,10,0.0,"IMD GRID MODEL"
"Uttar Pradesh","Mirzapur","2015-10-30",2015,10,0.2345382272,"IMD GRID MODEL"
"Uttar Pradesh","Mirzapur","2015-10-31",2015,10,4.9828808966,"IMD GRID MODEL"
"Uttar Pradesh","Mirzapur","2015-09-01",2015,9,7.937463121,"IMD GRID MODEL"
"Uttar Pradesh","Mirzapur","2015-09-02",2015,9,88.846371408,"IMD GRID MODEL"
"Uttar Pradesh","Mirzapur","2015-09-03",2015,9,10.4854853055,"IMD GRID MODEL"
"Uttar Pradesh","Mirzapur","2015-09-04",2015,9,0.5163590748,"IMD GRID MODEL"
"Uttar Pradesh","Mirzapur","2015-09-05",2015,9,0.0111148794,"IMD GRID MODEL"
"Uttar Pradesh","Mirzapur","2015-09-06",2015,9,0.0,"IMD GRID MODEL"
"Uttar Pradesh","Mirzapur","2015-09-07",2015,9,0.0,"IMD GRID MODEL"
"Uttar Pradesh","Mirzapur","2015-09-08",2015,9,0.0048109819,"IMD GRID MODEL"
"Uttar Pradesh","Mirzapur","2015-09-09",2015,9,2.6503430883,"IMD GRID MODEL"
"Uttar Pradesh","Mirzapur","2015-09-10",2015,9,7.07333801,"IMD GRID MODEL"
"Uttar Pradesh","Mirzapur","2015-09-11",2015,9,26.9850995925,"IMD GRID MODEL"
"Uttar Pradesh","Mirzapur","2015-09-12",2015,9,11.3168550068,"IMD GRID MODEL"
"Uttar Pradesh","Mirzapur","2015-09-13",2015,9,7.0960585492,"IMD GRID MODEL"
"Uttar Pradesh","Mirzapur","2015-09-14",2015,9,12.7067865126,"IMD GRID MODEL"
"Uttar Pradesh","Mirzapur","2015-09-15",2015,9,33.1291888198,"IMD GRID MODEL"
"Uttar Pradesh","Mirzapur","2015-09-16",2015,9,0.3944526138,"IMD GRID MODEL"
"Uttar Pradesh","Mirzapur","2015-09-17",2015,9,0.0048109819,"IMD GRID MODEL"
"Uttar Pradesh","Mirzapur","2015-09-18",2015,9,1.1022746341,"IMD GRID MODEL"
"Uttar Pradesh","Mirzapur","2015-09-19",2015,9,64.9768581869,"IMD GRID MODEL"
"Uttar Pradesh","Mirzapur","2015-09-20",2015,9,40.8207550839,"IMD GRID MODEL"
"Uttar Pradesh","Mirzapur","2015-09-21",2015,9,7.7138406685,"IMD GRID MODEL"
"Uttar Pradesh","Mirzapur","2015-09-22",2015,9,0.6988958575,"IMD GRID MODEL"
"Uttar Pradesh","Mirzapur","2015-09-23",2015,9,3.7037105488,"IMD GRID MODEL"
"Uttar Pradesh","Mirzapur","2015-09-24",2015,9,2.9104463856,"IMD GRID MODEL"
"Uttar Pradesh","Mirzapur","2015-09-25",2015,9,0.0066151,"IMD GRID MODEL"
"Uttar Pradesh","Mirzapur","2015-09-26",2015,9,0.1080517772,"IMD GRID MODEL"
"Uttar Pradesh","Mirzapur","2015-09-27",2015,9,8.7776333249,"IMD GRID MODEL"
"Uttar Pradesh","Mirzapur","2015-09-28",2015,9,6.8714302615,"IMD GRID MODEL"
"Uttar Pradesh","Mirzapur","2015-09-29",2015,9,4.8802446624,"IMD GRID MODEL"
"Uttar Pradesh","Mirzapur","2015-09-30",2015,9,0.0,"IMD GRID MODEL"
"Uttar Pradesh","Mirzapur","2016-04-01",2016,4,0.0,"IMD GRID MODEL"
"Uttar Pradesh","Mirzapur","2016-04-02",2016,4,0.0,"IMD GRID MODEL"
"Uttar Pradesh","Mirzapur","2016-04-03",2016,4,0.0,"IMD GRID MODEL"
"Uttar Pradesh","Mirzapur","2016-04-04",2016,4,0.0,"IMD GRID MODEL"
"Uttar Pradesh","Mirzapur","2016-04-05",2016,4,0.0,"IMD GRID MODEL"
"Uttar Pradesh","Mirzapur","2016-04-06",2016,4,0.0,"IMD GRID MODEL"
"Uttar Pradesh","Mirzapur","2016-04-07",2016,4,0.0,"IMD GRID MODEL"
"Uttar Pradesh","Mirzapur","2016-04-08",2016,4,0.0,"IMD GRID MODEL"
"Uttar Pradesh","Mirzapur","2016-04-09",2016,4,0.0,"IMD GRID MODEL"
"Uttar Pradesh","Mirzapur","2016-04-10",2016,4,0.0,"IMD GRID MODEL"
"Uttar Pradesh","Mirzapur","2016-04-11",2016,4,0.0,"IMD GRID MODEL"
"Uttar Pradesh","Mirzapur","2016-04-12",2016,4,0.0,"IMD GRID MODEL"
"Uttar Pradesh","Mirzapur","2016-04-13",2016,4,0.0,"IMD GRID MODEL"
"Uttar Pradesh","Mirzapur","2016-04-14",2016,4,0.0,"IMD GRID MODEL"
"Uttar Pradesh","Mirzapur","2016-04-15",2016,4,0.0,"IMD GRID MODEL"
"Uttar Pradesh","Mirzapur","2016-04-16",2016,4,0.0,"IMD GRID MODEL"
"Uttar Pradesh","Mirzapur","2016-04-17",2016,4,0.0,"IMD GRID MODEL"
"Uttar Pradesh","Mirzapur","2016-04-18",2016,4,0.0,"IMD GRID MODEL"
"Uttar Pradesh","Mirzapur","2016-04-19",2016,4,0.0,"IMD GRID MODEL"
"Uttar Pradesh","Mirzapur","2016-04-20",2016,4,0.0,"IMD GRID MODEL"
"Uttar Pradesh","Mirzapur","2016-04-21",2016,4,0.0,"IMD GRID MODEL"
"Uttar Pradesh","Mirzapur","2016-04-22",2016,4,0.7914038898,"IMD GRID MODEL"
"Uttar Pradesh","Mirzapur","2016-04-23",2016,4,0.0,"IMD GRID MODEL"
"Uttar Pradesh","Mirzapur","2016-04-24",2016,4,0.0,"IMD GRID MODEL"
"Uttar Pradesh","Mirzapur","2016-04-25",2016,4,0.0,"IMD GRID MODEL"
"Uttar Pradesh","Mirzapur","2016-04-26",2016,4,0.0,"IMD GRID MODEL"
"Uttar Pradesh","Mirzapur","2016-04-27",2016,4,0.0,"IMD GRID MODEL"
"Uttar Pradesh","Mirzapur","2016-04-28",2016,4,0.0,"IMD GRID MODEL"
"Uttar Pradesh","Mirzapur","2016-04-29",2016,4,0.0,"IMD GRID MODEL"
"Uttar Pradesh","Mirzapur","2016-04-30",2016,4,0.0,"IMD GRID MODEL"
"Uttar Pradesh","Mirzapur","2016-08-01",2016,8,1.3631213206,"IMD GRID MODEL"
"Uttar Pradesh","Mirzapur","2016-08-02",2016,8,0.451929131,"IMD GRID MODEL"
"Uttar Pradesh","Mirzapur","2016-08-03",2016,8,0.0009848327,"IMD GRID MODEL"
"Uttar Pradesh","Mirzapur","2016-08-04",2016,8,0.0,"IMD GRID MODEL"
"Uttar Pradesh","Mirzapur","2016-08-05",2016,8,0.0,"IMD GRID MODEL"
"Uttar Pradesh","Mirzapur","2016-08-06",2016,8,0.0,"IMD GRID MODEL"
"Uttar Pradesh","Mirzapur","2016-08-07",2016,8,0.0,"IMD GRID MODEL"
"Uttar Pradesh","Mirzapur","2016-08-08",2016,8,0.0,"IMD GRID MODEL"
"Uttar Pradesh","Mirzapur","2016-08-09",2016,8,0.0,"IMD GRID MODEL"
"Uttar Pradesh","Mirzapur","2016-08-10",2016,8,0.0,"IMD GRID MODEL"
"Uttar Pradesh","Mirzapur","2016-08-11",2016,8,1.7473145323,"IMD GRID MODEL"
"Uttar Pradesh","Mirzapur","2016-08-12",2016,8,10.4956127655,"IMD GRID MODEL"
"Uttar Pradesh","Mirzapur","2016-08-13",2016,8,0.4654259264,"IMD GRID MODEL"
"Uttar Pradesh","Mirzapur","2016-08-14",2016,8,0.0,"IMD GRID MODEL"
"Uttar Pradesh","Mirzapur","2016-08-15",2016,8,0.0,"IMD GRID MODEL"
"Uttar Pradesh","Mirzapur","2016-08-16",2016,8,0.0,"IMD GRID MODEL"
"Uttar Pradesh","Mirzapur","2016-08-17",2016,8,0.0,"IMD GRID MODEL"
"Uttar Pradesh","Mirzapur","2016-08-18",2016,8,0.0009681625,"IMD GRID MODEL"
"Uttar Pradesh","Mirzapur","2016-08-19",2016,8,0.1424319122,"IMD GRID MODEL"
"Uttar Pradesh","Mirzapur","2016-08-20",2016,8,1.1443831074,"IMD GRID MODEL"
"Uttar Pradesh","Mirzapur","2016-08-21",2016,8,0.5534654327,"IMD GRID MODEL"
"Uttar Pradesh","Mirzapur","2016-08-22",2016,8,0.317159486,"IMD GRID MODEL"
"Uttar Pradesh","Mirzapur","2016-08-23",2016,8,0.0,"IMD GRID MODEL"
"Uttar Pradesh","Mirzapur","2016-08-24",2016,8,0.3515376343,"IMD GRID MODEL"
"Uttar Pradesh","Mirzapur","2016-08-25",2016,8,5.4410920748,"IMD GRID MODEL"
"Uttar Pradesh","Mirzapur","2016-08-26",2016,8,13.4682520238,"IMD GRID MODEL"
"Uttar Pradesh","Mirzapur","2016-08-27",2016,8,8.2603571355,"IMD GRID MODEL"
"Uttar Pradesh","Mirzapur","2016-08-28",2016,8,13.7348279371,"IMD GRID MODEL"
"Uttar Pradesh","Mirzapur","2016-08-29",2016,8,0.4889860191,"IMD GRID MODEL"
"Uttar Pradesh","Mirzapur","2016-08-30",2016,8,0.0,"IMD GRID MODEL"
"Uttar Pradesh","Mirzapur","2016-08-31",2016,8,3.6304474745,"IMD GRID MODEL"
"Uttar Pradesh","Mirzapur","2016-12-01",2016,12,13.5640953604,"IMD GRID MODEL"
"Uttar Pradesh","Mirzapur","2016-12-02",2016,12,15.6865154913,"IMD GRID MODEL"
"Uttar Pradesh","Mirzapur","2016-12-03",2016,12,13.3075782253,"IMD GRID MODEL"
"Uttar Pradesh","Mirzapur","2016-12-04",2016,12,0.0023501504,"IMD GRID MODEL"
"Uttar Pradesh","Mirzapur","2016-12-05",2016,12,4.6613344841,"IMD GRID MODEL"
"Uttar Pradesh","Mirzapur","2016-12-06",2016,12,0.0,"IMD GRID MODEL"
"Uttar Pradesh","Mirzapur","2016-12-07",2016,12,0.0,"IMD GRID MODEL"
"Uttar Pradesh","Mirzapur","2016-12-08",2016,12,0.0009681625,"IMD GRID MODEL"
"Uttar Pradesh","Mirzapur","2016-12-09",2016,12,2.8616382134,"IMD GRID MODEL"
"Uttar Pradesh","Mirzapur","2016-12-10",2016,12,2.4338429411,"IMD GRID MODEL"
"Uttar Pradesh","Mirzapur","2016-12-11",2016,12,1.3489060532,"IMD GRID MODEL"
"Uttar Pradesh","Mirzapur","2016-12-12",2016,12,13.8405595806,"IMD GRID MODEL"
"Uttar Pradesh","Mirzapur","2016-12-13",2016,12,1.0489159639,"IMD GRID MODEL"
"Uttar Pradesh","Mirzapur","2016-12-14",2016,12,0.0488256798,"IMD GRID MODEL"
"Uttar Pradesh","Mirzapur","2016-12-15",2016,12,0.0,"IMD GRID MODEL"
"Uttar Pradesh","Mirzapur","2016-12-16",2016,12,0.0,"IMD GRID MODEL"
"Uttar Pradesh","Mirzapur","2016-12-17",2016,12,0.0,"IMD GRID MODEL"
"Uttar Pradesh","Mirzapur","2016-12-18",2016,12,0.0,"IMD GRID MODEL"
"Uttar Pradesh","Mirzapur","2016-12-19",2016,12,0.0,"IMD GRID MODEL"
"Uttar Pradesh","Mirzapur","2016-12-20",2016,12,0.0,"IMD GRID MODEL"
"Uttar Pradesh","Mirzapur","2016-12-21",2016,12,0.0,"IMD GRID MODEL"
"Uttar Pradesh","Mirzapur","2016-12-22",2016,12,0.0,"IMD GRID MODEL"
"Uttar Pradesh","Mirzapur","2016-12-23",2016,12,0.0,"IMD GRID MODEL"
"Uttar Pradesh","Mirzapur","2016-12-24",2016,12,0.0,"IMD GRID MODEL"
"Uttar Pradesh","Mirzapur","2016-12-25",2016,12,0.0,"IMD GRID MODEL"
"Uttar Pradesh","Mirzapur","2016-12-26",2016,12,0.0,"IMD GRID MODEL"
"Uttar Pradesh","Mirzapur","2016-12-27",2016,12,0.0,"IMD GRID MODEL"
"Uttar Pradesh","Mirzapur","2016-12-28",2016,12,0.0,"IMD GRID MODEL"
"Uttar Pradesh","Mirzapur","2016-12-29",2016,12,0.0,"IMD GRID MODEL"
"Uttar Pradesh","Mirzapur","2016-12-30",2016,12,0.0,"IMD GRID MODEL"
"Uttar Pradesh","Mirzapur","2016-12-31",2016,12,0.0,"IMD GRID MODEL"
"Uttar Pradesh","Mirzapur","2016-02-01",2016,2,0.0,"IMD GRID MODEL"
"Uttar Pradesh","Mirzapur","2016-02-02",2016,2,0.0,"IMD GRID MODEL"
"Uttar Pradesh","Mirzapur","2016-02-03",2016,2,0.0,"IMD GRID MODEL"
"Uttar Pradesh","Mirzapur","2016-02-04",2016,2,0.0,"IMD GRID MODEL"
"Uttar Pradesh","Mirzapur","2016-02-05",2016,2,0.0,"IMD GRID MODEL"
"Uttar Pradesh","Mirzapur","2016-02-06",2016,2,0.0,"IMD GRID MODEL"
"Uttar Pradesh","Mirzapur","2016-02-07",2016,2,0.0,"IMD GRID MODEL"
"Uttar Pradesh","Mirzapur","2016-02-08",2016,2,0.0,"IMD GRID MODEL"
"Uttar Pradesh","Mirzapur","2016-02-09",2016,2,0.0,"IMD GRID MODEL"
"Uttar Pradesh","Mirzapur","2016-02-10",2016,2,0.0,"IMD GRID MODEL"
"Uttar Pradesh","Mirzapur","2016-02-11",2016,2,0.0,"IMD GRID MODEL"
"Uttar Pradesh","Mirzapur","2016-02-12",2016,2,0.0,"IMD GRID MODEL"
"Uttar Pradesh","Mirzapur","2016-02-13",2016,2,0.0,"IMD GRID MODEL"
"Uttar Pradesh","Mirzapur","2016-02-14",2016,2,0.0,"IMD GRID MODEL"
"Uttar Pradesh","Mirzapur","2016-02-15",2016,2,0.0,"IMD GRID MODEL"
"Uttar Pradesh","Mirzapur","2016-02-16",2016,2,0.0,"IMD GRID MODEL"
"Uttar Pradesh","Mirzapur","2016-02-17",2016,2,0.0,"IMD GRID MODEL"
"Uttar Pradesh","Mirzapur","2016-02-18",2016,2,0.0,"IMD GRID MODEL"
"Uttar Pradesh","Mirzapur","2016-02-19",2016,2,0.0,"IMD GRID MODEL"
"Uttar Pradesh","Mirzapur","2016-02-20",2016,2,0.0,"IMD GRID MODEL"
"Uttar Pradesh","Mirzapur","2016-02-21",2016,2,0.0,"IMD GRID MODEL"
"Uttar Pradesh","Mirzapur","2016-02-22",2016,2,0.0,"IMD GRID MODEL"
"Uttar Pradesh","Mirzapur","2016-02-23",2016,2,0.0,"IMD GRID MODEL"
"Uttar Pradesh","Mirzapur","2016-02-24",2016,2,0.0,"IMD GRID MODEL"
"Uttar Pradesh","Mirzapur","2016-02-25",2016,2,0.0,"IMD GRID MODEL"
"Uttar Pradesh","Mirzapur","2016-02-26",2016,2,0.0,"IMD GRID MODEL"
"Uttar Pradesh","Mirzapur","2016-02-27",2016,2,0.0,"IMD GRID MODEL"
"Uttar Pradesh","Mirzapur","2016-02-28",2016,2,0.0,"IMD GRID MODEL"
"Uttar Pradesh","Mirzapur","2016-02-29",2016,2,0.0,"IMD GRID MODEL"
"Uttar Pradesh","Mirzapur","2016-01-02",2016,1,0.0,"IMD GRID MODEL"
"Uttar Pradesh","Mirzapur","2016-01-03",2016,1,0.0,"IMD GRID MODEL"
"Uttar Pradesh","Mirzapur","2016-01-01",2016,1,0.0,"IMD GRID MODEL"
"Uttar Pradesh","Mirzapur","2016-01-04",2016,1,0.0,"IMD GRID MODEL"
"Uttar Pradesh","Mirzapur","2016-01-05",2016,1,0.0,"IMD GRID MODEL"
"Uttar Pradesh","Mirzapur","2016-01-06",2016,1,0.0,"IMD GRID MODEL"
"Uttar Pradesh","Mirzapur","2016-01-07",2016,1,0.0,"IMD GRID MODEL"
"Uttar Pradesh","Mirzapur","2016-01-08",2016,1,0.0,"IMD GRID MODEL"
"Uttar Pradesh","Mirzapur","2016-01-09",2016,1,0.0,"IMD GRID MODEL"
"Uttar Pradesh","Mirzapur","2016-01-10",2016,1,0.0,"IMD GRID MODEL"
"Uttar Pradesh","Mirzapur","2016-01-11",2016,1,0.0,"IMD GRID MODEL"
"Uttar Pradesh","Mirzapur","2016-01-12",2016,1,0.0,"IMD GRID MODEL"
"Uttar Pradesh","Mirzapur","2016-01-13",2016,1,0.0,"IMD GRID MODEL"
"Uttar Pradesh","Mirzapur","2016-01-14",2016,1,0.0,"IMD GRID MODEL"
"Uttar Pradesh","Mirzapur","2016-01-15",2016,1,0.0,"IMD GRID MODEL"
"Uttar Pradesh","Mirzapur","2016-01-16",2016,1,0.0,"IMD GRID MODEL"
"Uttar Pradesh","Mirzapur","2016-01-17",2016,1,0.0,"IMD GRID MODEL"
"Uttar Pradesh","Mirzapur","2016-01-18",2016,1,0.0,"IMD GRID MODEL"
"Uttar Pradesh","Mirzapur","2016-01-19",2016,1,0.0,"IMD GRID MODEL"
"Uttar Pradesh","Mirzapur","2016-01-20",2016,1,0.0,"IMD GRID MODEL"
"Uttar Pradesh","Mirzapur","2016-01-21",2016,1,0.0,"IMD GRID MODEL"
"Uttar Pradesh","Mirzapur","2016-01-23",2016,1,0.0,"IMD GRID MODEL"
"Uttar Pradesh","Mirzapur","2016-01-22",2016,1,0.0,"IMD GRID MODEL"
"Uttar Pradesh","Mirzapur","2016-01-24",2016,1,0.0,"IMD GRID MODEL"
"Uttar Pradesh","Mirzapur","2016-01-25",2016,1,0.0,"IMD GRID MODEL"
"Uttar Pradesh","Mirzapur","2016-01-26",2016,1,0.0,"IMD GRID MODEL"
"Uttar Pradesh","Mirzapur","2016-01-27",2016,1,0.0,"IMD GRID MODEL"
"Uttar Pradesh","Mirzapur","2016-01-28",2016,1,0.0,"IMD GRID MODEL"
"Uttar Pradesh","Mirzapur","2016-01-29",2016,1,0.0,"IMD GRID MODEL"
"Uttar Pradesh","Mirzapur","2016-01-30",2016,1,0.0,"IMD GRID MODEL"
"Uttar Pradesh","Mirzapur","2016-01-31",2016,1,0.0,"IMD GRID MODEL"
"Uttar Pradesh","Mirzapur","2016-07-01",2016,7,0.0,"IMD GRID MODEL"
"Uttar Pradesh","Mirzapur","2016-07-02",2016,7,0.0,"IMD GRID MODEL"
"Uttar Pradesh","Mirzapur","2016-07-03",2016,7,0.0,"IMD GRID MODEL"
"Uttar Pradesh","Mirzapur","2016-07-04",2016,7,0.0,"IMD GRID MODEL"
"Uttar Pradesh","Mirzapur","2016-07-05",2016,7,0.0,"IMD GRID MODEL"
"Uttar Pradesh","Mirzapur","2016-07-06",2016,7,0.0,"IMD GRID MODEL"
"Uttar Pradesh","Mirzapur","2016-07-07",2016,7,0.0,"IMD GRID MODEL"
"Uttar Pradesh","Mirzapur","2016-07-08",2016,7,0.2079262867,"IMD GRID MODEL"
"Uttar Pradesh","Mirzapur","2016-07-09",2016,7,0.214050739,"IMD GRID MODEL"
"Uttar Pradesh","Mirzapur","2016-07-10",2016,7,0.0,"IMD GRID MODEL"
"Uttar Pradesh","Mirzapur","2016-07-11",2016,7,3.5740816075,"IMD GRID MODEL"
"Uttar Pradesh","Mirzapur","2016-07-12",2016,7,0.0,"IMD GRID MODEL"
"Uttar Pradesh","Mirzapur","2016-07-13",2016,7,0.0,"IMD GRID MODEL"
"Uttar Pradesh","Mirzapur","2016-07-14",2016,7,0.1208248562,"IMD GRID MODEL"
"Uttar Pradesh","Mirzapur","2016-07-15",2016,7,0.0,"IMD GRID MODEL"
"Uttar Pradesh","Mirzapur","2016-07-16",2016,7,0.2943483714,"IMD GRID MODEL"
"Uttar Pradesh","Mirzapur","2016-07-17",2016,7,0.1378570937,"IMD GRID MODEL"
"Uttar Pradesh","Mirzapur","2016-07-18",2016,7,0.3141381096,"IMD GRID MODEL"
"Uttar Pradesh","Mirzapur","2016-07-19",2016,7,0.0,"IMD GRID MODEL"
"Uttar Pradesh","Mirzapur","2016-07-20",2016,7,0.0,"IMD GRID MODEL"
"Uttar Pradesh","Mirzapur","2016-07-21",2016,7,0.0,"IMD GRID MODEL"
"Uttar Pradesh","Mirzapur","2016-07-22",2016,7,0.0,"IMD GRID MODEL"
"Uttar Pradesh","Mirzapur","2016-07-23",2016,7,0.0,"IMD GRID MODEL"
"Uttar Pradesh","Mirzapur","2016-07-24",2016,7,0.0,"IMD GRID MODEL"
"Uttar Pradesh","Mirzapur","2016-07-25",2016,7,0.0,"IMD GRID MODEL"
"Uttar Pradesh","Mirzapur","2016-07-26",2016,7,0.0,"IMD GRID MODEL"
"Uttar Pradesh","Mirzapur","2016-07-27",2016,7,0.0102062806,"IMD GRID MODEL"
"Uttar Pradesh","Mirzapur","2016-07-28",2016,7,0.9857339222,"IMD GRID MODEL"
"Uttar Pradesh","Mirzapur","2016-07-29",2016,7,0.7068672658,"IMD GRID MODEL"
"Uttar Pradesh","Mirzapur","2016-07-30",2016,7,0.0,"IMD GRID MODEL"
"Uttar Pradesh","Mirzapur","2016-07-31",2016,7,0.0,"IMD GRID MODEL"
"Uttar Pradesh","Mirzapur","2016-06-02",2016,6,0.0,"IMD GRID MODEL"
"Uttar Pradesh","Mirzapur","2016-06-03",2016,6,0.0,"IMD GRID MODEL"
"Uttar Pradesh","Mirzapur","2016-06-01",2016,6,0.0,"IMD GRID MODEL"
"Uttar Pradesh","Mirzapur","2016-06-04",2016,6,0.0,"IMD GRID MODEL"
"Uttar Pradesh","Mirzapur","2016-06-05",2016,6,0.0,"IMD GRID MODEL"
"Uttar Pradesh","Mirzapur","2016-06-06",2016,6,0.0,"IMD GRID MODEL"
"Uttar Pradesh","Mirzapur","2016-06-07",2016,6,0.0,"IMD GRID MODEL"
"Uttar Pradesh","Mirzapur","2016-06-08",2016,6,0.0,"IMD GRID MODEL"
"Uttar Pradesh","Mirzapur","2016-06-09",2016,6,0.0,"IMD GRID MODEL"
"Uttar Pradesh","Mirzapur","2016-06-10",2016,6,0.0,"IMD GRID MODEL"
"Uttar Pradesh","Mirzapur","2016-06-11",2016,6,0.0,"IMD GRID MODEL"
"Uttar Pradesh","Mirzapur","2016-06-12",2016,6,0.0,"IMD GRID MODEL"
"Uttar Pradesh","Mirzapur","2016-06-13",2016,6,0.0,"IMD GRID MODEL"
"Uttar Pradesh","Mirzapur","2016-06-14",2016,6,0.0,"IMD GRID MODEL"
"Uttar Pradesh","Mirzapur","2016-06-15",2016,6,0.0,"IMD GRID MODEL"
"Uttar Pradesh","Mirzapur","2016-06-16",2016,6,0.0,"IMD GRID MODEL"
"Uttar Pradesh","Mirzapur","2016-06-17",2016,6,0.0,"IMD GRID MODEL"
"Uttar Pradesh","Mirzapur","2016-06-18",2016,6,0.0,"IMD GRID MODEL"
"Uttar Pradesh","Mirzapur","2016-06-19",2016,6,0.0,"IMD GRID MODEL"
"Uttar Pradesh","Mirzapur","2016-06-20",2016,6,0.0,"IMD GRID MODEL"
"Uttar Pradesh","Mirzapur","2016-06-21",2016,6,0.0,"IMD GRID MODEL"
"Uttar Pradesh","Mirzapur","2016-06-22",2016,6,0.0,"IMD GRID MODEL"
"Uttar Pradesh","Mirzapur","2016-06-23",2016,6,0.0,"IMD GRID MODEL"
"Uttar Pradesh","Mirzapur","2016-06-24",2016,6,0.0,"IMD GRID MODEL"
"Uttar Pradesh","Mirzapur","2016-06-25",2016,6,0.0,"IMD GRID MODEL"
"Uttar Pradesh","Mirzapur","2016-06-26",2016,6,0.0,"IMD GRID MODEL"
"Uttar Pradesh","Mirzapur","2016-06-27",2016,6,0.0,"IMD GRID MODEL"
"Uttar Pradesh","Mirzapur","2016-06-28",2016,6,0.0,"IMD GRID MODEL"
"Uttar Pradesh","Mirzapur","2016-06-29",2016,6,0.0,"IMD GRID MODEL"
"Uttar Pradesh","Mirzapur","2016-06-30",2016,6,0.0,"IMD GRID MODEL"
"Uttar Pradesh","Mirzapur","2016-03-01",2016,3,0.0,"IMD GRID MODEL"
"Uttar Pradesh","Mirzapur","2016-03-02",2016,3,0.0,"IMD GRID MODEL"
"Uttar Pradesh","Mirzapur","2016-03-03",2016,3,0.0,"IMD GRID MODEL"
"Uttar Pradesh","Mirzapur","2016-03-04",2016,3,0.0,"IMD GRID MODEL"
"Uttar Pradesh","Mirzapur","2016-03-05",2016,3,0.0,"IMD GRID MODEL"
"Uttar Pradesh","Mirzapur","2016-03-06",2016,3,0.0,"IMD GRID MODEL"
"Uttar Pradesh","Mirzapur","2016-03-07",2016,3,0.0,"IMD GRID MODEL"
"Uttar Pradesh","Mirzapur","2016-03-08",2016,3,0.0,"IMD GRID MODEL"
"Uttar Pradesh","Mirzapur","2016-03-09",2016,3,0.0,"IMD GRID MODEL"
"Uttar Pradesh","Mirzapur","2016-03-10",2016,3,0.0,"IMD GRID MODEL"
"Uttar Pradesh","Mirzapur","2016-03-11",2016,3,0.0,"IMD GRID MODEL"
"Uttar Pradesh","Mirzapur","2016-03-12",2016,3,0.0,"IMD GRID MODEL"
"Uttar Pradesh","Mirzapur","2016-03-13",2016,3,0.0,"IMD GRID MODEL"
"Uttar Pradesh","Mirzapur","2016-03-14",2016,3,0.0,"IMD GRID MODEL"
"Uttar Pradesh","Mirzapur","2016-03-15",2016,3,0.0,"IMD GRID MODEL"
"Uttar Pradesh","Mirzapur","2016-03-16",2016,3,0.0,"IMD GRID MODEL"
"Uttar Pradesh","Mirzapur","2016-03-17",2016,3,0.0,"IMD GRID MODEL"
"Uttar Pradesh","Mirzapur","2016-03-18",2016,3,0.0,"IMD GRID MODEL"
"Uttar Pradesh","Mirzapur","2016-03-19",2016,3,0.0,"IMD GRID MODEL"
"Uttar Pradesh","Mirzapur","2016-03-20",2016,3,0.0,"IMD GRID MODEL"
"Uttar Pradesh","Mirzapur","2016-03-21",2016,3,0.0,"IMD GRID MODEL"
"Uttar Pradesh","Mirzapur","2016-03-22",2016,3,0.0,"IMD GRID MODEL"
"Uttar Pradesh","Mirzapur","2016-03-23",2016,3,0.0,"IMD GRID MODEL"
"Uttar Pradesh","Mirzapur","2016-03-24",2016,3,1.4957076086,"IMD GRID MODEL"
"Uttar Pradesh","Mirzapur","2016-03-25",2016,3,10.8826101715,"IMD GRID MODEL"
"Uttar Pradesh","Mirzapur","2016-03-26",2016,3,0.0,"IMD GRID MODEL"
"Uttar Pradesh","Mirzapur","2016-03-27",2016,3,0.0,"IMD GRID MODEL"
"Uttar Pradesh","Mirzapur","2016-03-28",2016,3,0.0,"IMD GRID MODEL"
"Uttar Pradesh","Mirzapur","2016-03-29",2016,3,0.0,"IMD GRID MODEL"
"Uttar Pradesh","Mirzapur","2016-03-30",2016,3,0.0,"IMD GRID MODEL"
"Uttar Pradesh","Mirzapur","2016-03-31",2016,3,0.0,"IMD GRID MODEL"
"Uttar Pradesh","Mirzapur","2016-05-02",2016,5,0.0,"IMD GRID MODEL"
"Uttar Pradesh","Mirzapur","2016-05-03",2016,5,0.0,"IMD GRID MODEL"
"Uttar Pradesh","Mirzapur","2016-05-01",2016,5,0.0,"IMD GRID MODEL"
"Uttar Pradesh","Mirzapur","2016-05-04",2016,5,0.0,"IMD GRID MODEL"
"Uttar Pradesh","Mirzapur","2016-05-05",2016,5,0.0,"IMD GRID MODEL"
"Uttar Pradesh","Mirzapur","2016-05-06",2016,5,0.0,"IMD GRID MODEL"
"Uttar Pradesh","Mirzapur","2016-05-07",2016,5,0.0,"IMD GRID MODEL"
"Uttar Pradesh","Mirzapur","2016-05-08",2016,5,0.0,"IMD GRID MODEL"
"Uttar Pradesh","Mirzapur","2016-05-09",2016,5,0.1334274063,"IMD GRID MODEL"
"Uttar Pradesh","Mirzapur","2016-05-10",2016,5,0.3281415347,"IMD GRID MODEL"
"Uttar Pradesh","Mirzapur","2016-05-11",2016,5,2.3163350553,"IMD GRID MODEL"
"Uttar Pradesh","Mirzapur","2016-05-12",2016,5,6.1203872639,"IMD GRID MODEL"
"Uttar Pradesh","Mirzapur","2016-05-13",2016,5,0.0,"IMD GRID MODEL"
"Uttar Pradesh","Mirzapur","2016-05-14",2016,5,0.0,"IMD GRID MODEL"
"Uttar Pradesh","Mirzapur","2016-05-15",2016,5,0.0,"IMD GRID MODEL"
"Uttar Pradesh","Mirzapur","2016-05-16",2016,5,0.0,"IMD GRID MODEL"
"Uttar Pradesh","Mirzapur","2016-05-17",2016,5,2.9890446071,"IMD GRID MODEL"
"Uttar Pradesh","Mirzapur","2016-05-18",2016,5,8.3657850867,"IMD GRID MODEL"
"Uttar Pradesh","Mirzapur","2016-05-19",2016,5,1.6880649859,"IMD GRID MODEL"
"Uttar Pradesh","Mirzapur","2016-05-20",2016,5,0.0,"IMD GRID MODEL"
"Uttar Pradesh","Mirzapur","2016-05-21",2016,5,0.0,"IMD GRID MODEL"
"Uttar Pradesh","Mirzapur","2016-05-22",2016,5,0.0,"IMD GRID MODEL"
"Uttar Pradesh","Mirzapur","2016-05-23",2016,5,0.0,"IMD GRID MODEL"
"Uttar Pradesh","Mirzapur","2016-05-24",2016,5,0.0,"IMD GRID MODEL"
"Uttar Pradesh","Mirzapur","2016-05-25",2016,5,0.0,"IMD GRID MODEL"
"Uttar Pradesh","Mirzapur","2016-05-26",2016,5,0.0,"IMD GRID MODEL"
"Uttar Pradesh","Mirzapur","2016-05-27",2016,5,0.0,"IMD GRID MODEL"
"Uttar Pradesh","Mirzapur","2016-05-28",2016,5,0.0,"IMD GRID MODEL"
"Uttar Pradesh","Mirzapur","2016-05-29",2016,5,0.0,"IMD GRID MODEL"
"Uttar Pradesh","Mirzapur","2016-05-30",2016,5,0.0,"IMD GRID MODEL"
"Uttar Pradesh","Mirzapur","2016-05-31",2016,5,0.0,"IMD GRID MODEL"
"Uttar Pradesh","Mirzapur","2016-11-01",2016,11,0.0,"IMD GRID MODEL"
"Uttar Pradesh","Mirzapur","2016-11-02",2016,11,0.0,"IMD GRID MODEL"
"Uttar Pradesh","Mirzapur","2016-11-03",2016,11,0.0,"IMD GRID MODEL"
"Uttar Pradesh","Mirzapur","2016-11-04",2016,11,8.6196050355,"IMD GRID MODEL"
"Uttar Pradesh","Mirzapur","2016-11-05",2016,11,6.1787252381,"IMD GRID MODEL"
"Uttar Pradesh","Mirzapur","2016-11-06",2016,11,6.4614685478,"IMD GRID MODEL"
"Uttar Pradesh","Mirzapur","2016-11-07",2016,11,2.5401708152,"IMD GRID MODEL"
"Uttar Pradesh","Mirzapur","2016-11-08",2016,11,0.0585207578,"IMD GRID MODEL"
"Uttar Pradesh","Mirzapur","2016-11-09",2016,11,0.3923291961,"IMD GRID MODEL"
"Uttar Pradesh","Mirzapur","2016-11-10",2016,11,0.0,"IMD GRID MODEL"
"Uttar Pradesh","Mirzapur","2016-11-11",2016,11,5.644656951,"IMD GRID MODEL"
"Uttar Pradesh","Mirzapur","2016-11-12",2016,11,30.2856523152,"IMD GRID MODEL"
"Uttar Pradesh","Mirzapur","2016-11-13",2016,11,1.1853855623,"IMD GRID MODEL"
"Uttar Pradesh","Mirzapur","2016-11-14",2016,11,4.320424386,"IMD GRID MODEL"
"Uttar Pradesh","Mirzapur","2016-11-15",2016,11,0.0158783456,"IMD GRID MODEL"
"Uttar Pradesh","Mirzapur","2016-11-16",2016,11,6.6619189678,"IMD GRID MODEL"
"Uttar Pradesh","Mirzapur","2016-11-17",2016,11,0.5180738838,"IMD GRID MODEL"
"Uttar Pradesh","Mirzapur","2016-11-18",2016,11,3.0967832594,"IMD GRID MODEL"
"Uttar Pradesh","Mirzapur","2016-11-19",2016,11,1.2313412675,"IMD GRID MODEL"
"Uttar Pradesh","Mirzapur","2016-11-20",2016,11,1.1962531747,"IMD GRID MODEL"
"Uttar Pradesh","Mirzapur","2016-11-21",2016,11,21.4571281235,"IMD GRID MODEL"
"Uttar Pradesh","Mirzapur","2016-11-22",2016,11,4.7612013117,"IMD GRID MODEL"
"Uttar Pradesh","Mirzapur","2016-11-23",2016,11,0.1058034057,"IMD GRID MODEL"
"Uttar Pradesh","Mirzapur","2016-11-24",2016,11,1.2638243413,"IMD GRID MODEL"
"Uttar Pradesh","Mirzapur","2016-11-25",2016,11,4.7077286366,"IMD GRID MODEL"
"Uttar Pradesh","Mirzapur","2016-11-26",2016,11,19.312597776,"IMD GRID MODEL"
"Uttar Pradesh","Mirzapur","2016-11-27",2016,11,0.0,"IMD GRID MODEL"
"Uttar Pradesh","Mirzapur","2016-11-28",2016,11,6.3630883067,"IMD GRID MODEL"
"Uttar Pradesh","Mirzapur","2016-11-29",2016,11,15.2920252224,"IMD GRID MODEL"
"Uttar Pradesh","Mirzapur","2016-11-30",2016,11,2.5642785841,"IMD GRID MODEL"
"Uttar Pradesh","Mirzapur","2016-10-02",2016,10,5.6707559418,"IMD GRID MODEL"
"Uttar Pradesh","Mirzapur","2016-10-03",2016,10,21.3101509743,"IMD GRID MODEL"
"Uttar Pradesh","Mirzapur","2016-10-04",2016,10,5.242944175,"IMD GRID MODEL"
"Uttar Pradesh","Mirzapur","2016-10-05",2016,10,7.287714413,"IMD GRID MODEL"
"Uttar Pradesh","Mirzapur","2016-10-06",2016,10,11.081270084,"IMD GRID MODEL"
"Uttar Pradesh","Mirzapur","2016-10-07",2016,10,8.3062301255,"IMD GRID MODEL"
"Uttar Pradesh","Mirzapur","2016-10-08",2016,10,4.4578214491,"IMD GRID MODEL"
"Uttar Pradesh","Mirzapur","2016-10-01",2016,10,8.9832986522,"IMD GRID MODEL"
"Uttar Pradesh","Mirzapur","2016-10-09",2016,10,3.4060506043,"IMD GRID MODEL"
"Uttar Pradesh","Mirzapur","2016-10-10",2016,10,0.1267250721,"IMD GRID MODEL"
"Uttar Pradesh","Mirzapur","2016-10-11",2016,10,0.007945005,"IMD GRID MODEL"
"Uttar Pradesh","Mirzapur","2016-10-12",2016,10,37.4645109425,"IMD GRID MODEL"
"Uttar Pradesh","Mirzapur","2016-10-13",2016,10,5.4387702431,"IMD GRID MODEL"
"Uttar Pradesh","Mirzapur","2016-10-14",2016,10,3.4850559558,"IMD GRID MODEL"
"Uttar Pradesh","Mirzapur","2016-10-15",2016,10,8.0434337212,"IMD GRID MODEL"
"Uttar Pradesh","Mirzapur","2016-10-16",2016,10,74.7090563228,"IMD GRID MODEL"
"Uttar Pradesh","Mirzapur","2016-10-17",2016,10,52.3753209793,"IMD GRID MODEL"
"Uttar Pradesh","Mirzapur","2016-10-18",2016,10,18.8474576039,"IMD GRID MODEL"
"Uttar Pradesh","Mirzapur","2016-10-19",2016,10,2.6920313385,"IMD GRID MODEL"
"Uttar Pradesh","Mirzapur","2016-10-20",2016,10,11.0323358184,"IMD GRID MODEL"
"Uttar Pradesh","Mirzapur","2016-10-21",2016,10,16.9260478782,"IMD GRID MODEL"
"Uttar Pradesh","Mirzapur","2016-10-22",2016,10,30.4353936682,"IMD GRID MODEL"
"Uttar Pradesh","Mirzapur","2016-10-23",2016,10,42.6946544263,"IMD GRID MODEL"
"Uttar Pradesh","Mirzapur","2016-10-24",2016,10,2.4014048801,"IMD GRID MODEL"
"Uttar Pradesh","Mirzapur","2016-10-25",2016,10,0.0,"IMD GRID MODEL"
"Uttar Pradesh","Mirzapur","2016-10-26",2016,10,10.2263121545,"IMD GRID MODEL"
"Uttar Pradesh","Mirzapur","2016-10-27",2016,10,47.1799797805,"IMD GRID MODEL"
"Uttar Pradesh","Mirzapur","2016-10-28",2016,10,3.2693734636,"IMD GRID MODEL"
"Uttar Pradesh","Mirzapur","2016-10-29",2016,10,0.0222297588,"IMD GRID MODEL"
"Uttar Pradesh","Mirzapur","2016-10-30",2016,10,14.2816540097,"IMD GRID MODEL"
"Uttar Pradesh","Mirzapur","2016-10-31",2016,10,3.9446378035,"IMD GRID MODEL"
"Uttar Pradesh","Mirzapur","2016-09-02",2016,9,0.0,"IMD GRID MODEL"
"Uttar Pradesh","Mirzapur","2016-09-03",2016,9,0.0,"IMD GRID MODEL"
"Uttar Pradesh","Mirzapur","2016-09-04",2016,9,0.0,"IMD GRID MODEL"
"Uttar Pradesh","Mirzapur","2016-09-05",2016,9,6.6924287226,"IMD GRID MODEL"
"Uttar Pradesh","Mirzapur","2016-09-06",2016,9,30.771592517,"IMD GRID MODEL"
"Uttar Pradesh","Mirzapur","2016-09-07",2016,9,47.3129891677,"IMD GRID MODEL"
"Uttar Pradesh","Mirzapur","2016-09-08",2016,9,74.7231621592,"IMD GRID MODEL"
"Uttar Pradesh","Mirzapur","2016-09-09",2016,9,31.2600005776,"IMD GRID MODEL"
"Uttar Pradesh","Mirzapur","2016-09-10",2016,9,2.7401376189,"IMD GRID MODEL"
"Uttar Pradesh","Mirzapur","2016-09-11",2016,9,2.489998242,"IMD GRID MODEL"
"Uttar Pradesh","Mirzapur","2016-09-12",2016,9,1.9760652051,"IMD GRID MODEL"
"Uttar Pradesh","Mirzapur","2016-09-13",2016,9,6.9465070381,"IMD GRID MODEL"
"Uttar Pradesh","Mirzapur","2016-09-14",2016,9,0.4852220354,"IMD GRID MODEL"
"Uttar Pradesh","Mirzapur","2016-09-15",2016,9,1.086636495,"IMD GRID MODEL"
"Uttar Pradesh","Mirzapur","2016-09-16",2016,9,4.5353815499,"IMD GRID MODEL"
"Uttar Pradesh","Mirzapur","2016-09-01",2016,9,0.0,"IMD GRID MODEL"
"Uttar Pradesh","Mirzapur","2016-09-17",2016,9,2.9065298087,"IMD GRID MODEL"
"Uttar Pradesh","Mirzapur","2016-09-18",2016,9,2.8858099329,"IMD GRID MODEL"
"Uttar Pradesh","Mirzapur","2016-09-19",2016,9,68.4945225393,"IMD GRID MODEL"
"Uttar Pradesh","Mirzapur","2016-09-20",2016,9,25.888336057,"IMD GRID MODEL"
"Uttar Pradesh","Mirzapur","2016-09-21",2016,9,23.5990701289,"IMD GRID MODEL"
"Uttar Pradesh","Mirzapur","2016-09-22",2016,9,14.286073711,"IMD GRID MODEL"
"Uttar Pradesh","Mirzapur","2016-09-23",2016,9,3.8865445408,"IMD GRID MODEL"
"Uttar Pradesh","Mirzapur","2016-09-24",2016,9,0.0700475975,"IMD GRID MODEL"
"Uttar Pradesh","Mirzapur","2016-09-25",2016,9,1.5685125635,"IMD GRID MODEL"
"Uttar Pradesh","Mirzapur","2016-09-26",2016,9,14.2941902427,"IMD GRID MODEL"
"Uttar Pradesh","Mirzapur","2016-09-27",2016,9,8.0324973228,"IMD GRID MODEL"
"Uttar Pradesh","Mirzapur","2016-09-28",2016,9,3.2875319187,"IMD GRID MODEL"
"Uttar Pradesh","Mirzapur","2016-09-29",2016,9,12.8052936512,"IMD GRID MODEL"
"Uttar Pradesh","Mirzapur","2016-09-30",2016,9,16.1299320315,"IMD GRID MODEL"
"Uttar Pradesh","Mirzapur","2017-04-02",2017,4,1.9929220662,"IMD GRID MODEL"
"Uttar Pradesh","Mirzapur","2017-04-03",2017,4,0.0,"IMD GRID MODEL"
"Uttar Pradesh","Mirzapur","2017-04-01",2017,4,0.5085700877,"IMD GRID MODEL"
"Uttar Pradesh","Mirzapur","2017-04-04",2017,4,0.0,"IMD GRID MODEL"
"Uttar Pradesh","Mirzapur","2017-04-05",2017,4,0.0,"IMD GRID MODEL"
"Uttar Pradesh","Mirzapur","2017-04-06",2017,4,0.0,"IMD GRID MODEL"
"Uttar Pradesh","Mirzapur","2017-04-07",2017,4,0.0,"IMD GRID MODEL"
"Uttar Pradesh","Mirzapur","2017-04-08",2017,4,0.0,"IMD GRID MODEL"
"Uttar Pradesh","Mirzapur","2017-04-09",2017,4,0.0,"IMD GRID MODEL"
"Uttar Pradesh","Mirzapur","2017-04-10",2017,4,0.0,"IMD GRID MODEL"
"Uttar Pradesh","Mirzapur","2017-04-11",2017,4,0.0,"IMD GRID MODEL"
"Uttar Pradesh","Mirzapur","2017-04-12",2017,4,0.0,"IMD GRID MODEL"
"Uttar Pradesh","Mirzapur","2017-04-13",2017,4,0.0,"IMD GRID MODEL"
"Uttar Pradesh","Mirzapur","2017-04-14",2017,4,0.0,"IMD GRID MODEL"
"Uttar Pradesh","Mirzapur","2017-04-15",2017,4,0.0,"IMD GRID MODEL"
"Uttar Pradesh","Mirzapur","2017-04-16",2017,4,0.0,"IMD GRID MODEL"
"Uttar Pradesh","Mirzapur","2017-04-17",2017,4,0.1650082834,"IMD GRID MODEL"
"Uttar Pradesh","Mirzapur","2017-04-18",2017,4,0.0,"IMD GRID MODEL"
"Uttar Pradesh","Mirzapur","2017-04-19",2017,4,0.0,"IMD GRID MODEL"
"Uttar Pradesh","Mirzapur","2017-04-20",2017,4,0.0,"IMD GRID MODEL"
"Uttar Pradesh","Mirzapur","2017-04-21",2017,4,0.0,"IMD GRID MODEL"
"Uttar Pradesh","Mirzapur","2017-04-22",2017,4,0.0,"IMD GRID MODEL"
"Uttar Pradesh","Mirzapur","2017-04-23",2017,4,0.0,"IMD GRID MODEL"
"Uttar Pradesh","Mirzapur","2017-04-24",2017,4,0.0,"IMD GRID MODEL"
"Uttar Pradesh","Mirzapur","2017-04-25",2017,4,0.0,"IMD GRID MODEL"
"Uttar Pradesh","Mirzapur","2017-04-26",2017,4,0.0,"IMD GRID MODEL"
"Uttar Pradesh","Mirzapur","2017-04-27",2017,4,0.0,"IMD GRID MODEL"
"Uttar Pradesh","Mirzapur","2017-04-28",2017,4,0.0,"IMD GRID MODEL"
"Uttar Pradesh","Mirzapur","2017-04-29",2017,4,0.0,"IMD GRID MODEL"
"Uttar Pradesh","Mirzapur","2017-04-30",2017,4,0.0,"IMD GRID MODEL"
"Uttar Pradesh","Mirzapur","2017-08-01",2017,8,0.2269344915,"IMD GRID MODEL"
"Uttar Pradesh","Mirzapur","2017-08-02",2017,8,0.0,"IMD GRID MODEL"
"Uttar Pradesh","Mirzapur","2017-08-03",2017,8,0.848048522,"IMD GRID MODEL"
"Uttar Pradesh","Mirzapur","2017-08-04",2017,8,1.4859444294,"IMD GRID MODEL"
"Uttar Pradesh","Mirzapur","2017-08-05",2017,8,0.0866899907,"IMD GRID MODEL"
"Uttar Pradesh","Mirzapur","2017-08-06",2017,8,0.0,"IMD GRID MODEL"
"Uttar Pradesh","Mirzapur","2017-08-07",2017,8,0.0,"IMD GRID MODEL"
"Uttar Pradesh","Mirzapur","2017-08-08",2017,8,0.0,"IMD GRID MODEL"
"Uttar Pradesh","Mirzapur","2017-08-09",2017,8,15.2865531647,"IMD GRID MODEL"
"Uttar Pradesh","Mirzapur","2017-08-10",2017,8,2.136481483,"IMD GRID MODEL"
"Uttar Pradesh","Mirzapur","2017-08-11",2017,8,0.0,"IMD GRID MODEL"
"Uttar Pradesh","Mirzapur","2017-08-12",2017,8,0.0,"IMD GRID MODEL"
"Uttar Pradesh","Mirzapur","2017-08-13",2017,8,0.0,"IMD GRID MODEL"
"Uttar Pradesh","Mirzapur","2017-08-14",2017,8,0.2299844069,"IMD GRID MODEL"
"Uttar Pradesh","Mirzapur","2017-08-15",2017,8,0.019885379,"IMD GRID MODEL"
"Uttar Pradesh","Mirzapur","2017-08-16",2017,8,0.0,"IMD GRID MODEL"
"Uttar Pradesh","Mirzapur","2017-08-17",2017,8,0.0,"IMD GRID MODEL"
"Uttar Pradesh","Mirzapur","2017-08-18",2017,8,0.0,"IMD GRID MODEL"
"Uttar Pradesh","Mirzapur","2017-08-19",2017,8,0.0,"IMD GRID MODEL"
"Uttar Pradesh","Mirzapur","2017-08-20",2017,8,4.940598001,"IMD GRID MODEL"
"Uttar Pradesh","Mirzapur","2017-08-21",2017,8,0.0,"IMD GRID MODEL"
"Uttar Pradesh","Mirzapur","2017-08-22",2017,8,0.7013365674,"IMD GRID MODEL"
"Uttar Pradesh","Mirzapur","2017-08-23",2017,8,1.7846225334,"IMD GRID MODEL"
"Uttar Pradesh","Mirzapur","2017-08-24",2017,8,2.7833730099,"IMD GRID MODEL"
"Uttar Pradesh","Mirzapur","2017-08-25",2017,8,0.0,"IMD GRID MODEL"
"Uttar Pradesh","Mirzapur","2017-08-26",2017,8,0.0,"IMD GRID MODEL"
"Uttar Pradesh","Mirzapur","2017-08-27",2017,8,3.5211221901,"IMD GRID MODEL"
"Uttar Pradesh","Mirzapur","2017-08-28",2017,8,3.1368708302,"IMD GRID MODEL"
"Uttar Pradesh","Mirzapur","2017-08-29",2017,8,0.2929613689,"IMD GRID MODEL"
"Uttar Pradesh","Mirzapur","2017-08-30",2017,8,0.0,"IMD GRID MODEL"
"Uttar Pradesh","Mirzapur","2017-08-31",2017,8,0.0,"IMD GRID MODEL"
"Uttar Pradesh","Mirzapur","2017-12-02",2017,12,0.0534812598,"IMD GRID MODEL"
"Uttar Pradesh","Mirzapur","2017-12-03",2017,12,0.0,"IMD GRID MODEL"
"Uttar Pradesh","Mirzapur","2017-12-04",2017,12,0.0,"IMD GRID MODEL"
"Uttar Pradesh","Mirzapur","2017-12-05",2017,12,0.0,"IMD GRID MODEL"
"Uttar Pradesh","Mirzapur","2017-12-01",2017,12,0.0,"IMD GRID MODEL"
"Uttar Pradesh","Mirzapur","2017-12-06",2017,12,0.0,"IMD GRID MODEL"
"Uttar Pradesh","Mirzapur","2017-12-07",2017,12,0.0,"IMD GRID MODEL"
"Uttar Pradesh","Mirzapur","2017-12-08",2017,12,0.0,"IMD GRID MODEL"
"Uttar Pradesh","Mirzapur","2017-12-09",2017,12,2.022118181,"IMD GRID MODEL"
"Uttar Pradesh","Mirzapur","2017-12-10",2017,12,0.0109216682,"IMD GRID MODEL"
"Uttar Pradesh","Mirzapur","2017-12-11",2017,12,0.9090655882,"IMD GRID MODEL"
"Uttar Pradesh","Mirzapur","2017-12-12",2017,12,0.2702096301,"IMD GRID MODEL"
"Uttar Pradesh","Mirzapur","2017-12-13",2017,12,0.0,"IMD GRID MODEL"
"Uttar Pradesh","Mirzapur","2017-12-14",2017,12,0.0,"IMD GRID MODEL"
"Uttar Pradesh","Mirzapur","2017-12-15",2017,12,0.0140247586,"IMD GRID MODEL"
"Uttar Pradesh","Mirzapur","2017-12-16",2017,12,0.0,"IMD GRID MODEL"
"Uttar Pradesh","Mirzapur","2017-12-17",2017,12,0.0,"IMD GRID MODEL"
"Uttar Pradesh","Mirzapur","2017-12-18",2017,12,0.0,"IMD GRID MODEL"
"Uttar Pradesh","Mirzapur","2017-12-19",2017,12,0.0,"IMD GRID MODEL"
"Uttar Pradesh","Mirzapur","2017-12-20",2017,12,0.0,"IMD GRID MODEL"
"Uttar Pradesh","Mirzapur","2017-12-21",2017,12,0.0,"IMD GRID MODEL"
"Uttar Pradesh","Mirzapur","2017-12-22",2017,12,0.0,"IMD GRID MODEL"
"Uttar Pradesh","Mirzapur","2017-12-23",2017,12,0.0109216682,"IMD GRID MODEL"
"Uttar Pradesh","Mirzapur","2017-12-24",2017,12,0.0842549529,"IMD GRID MODEL"
"Uttar Pradesh","Mirzapur","2017-12-25",2017,12,0.0,"IMD GRID MODEL"
"Uttar Pradesh","Mirzapur","2017-12-26",2017,12,0.0,"IMD GRID MODEL"
"Uttar Pradesh","Mirzapur","2017-12-27",2017,12,0.0,"IMD GRID MODEL"
"Uttar Pradesh","Mirzapur","2017-12-28",2017,12,0.0,"IMD GRID MODEL"
"Uttar Pradesh","Mirzapur","2017-12-29",2017,12,0.0,"IMD GRID MODEL"
"Uttar Pradesh","Mirzapur","2017-12-30",2017,12,0.0,"IMD GRID MODEL"
"Uttar Pradesh","Mirzapur","2017-12-31",2017,12,0.0,"IMD GRID MODEL"
"Uttar Pradesh","Mirzapur","2017-02-01",2017,2,0.0,"IMD GRID MODEL"
"Uttar Pradesh","Mirzapur","2017-02-02",2017,2,0.0,"IMD GRID MODEL"
"Uttar Pradesh","Mirzapur","2017-02-03",2017,2,0.0,"IMD GRID MODEL"
"Uttar Pradesh","Mirzapur","2017-02-04",2017,2,0.0,"IMD GRID MODEL"
"Uttar Pradesh","Mirzapur","2017-02-05",2017,2,0.0,"IMD GRID MODEL"
"Uttar Pradesh","Mirzapur","2017-02-06",2017,2,0.0,"IMD GRID MODEL"
"Uttar Pradesh","Mirzapur","2017-02-07",2017,2,0.0,"IMD GRID MODEL"
"Uttar Pradesh","Mirzapur","2017-02-08",2017,2,0.0,"IMD GRID MODEL"
"Uttar Pradesh","Mirzapur","2017-02-09",2017,2,0.0,"IMD GRID MODEL"
"Uttar Pradesh","Mirzapur","2017-02-10",2017,2,0.0,"IMD GRID MODEL"
"Uttar Pradesh","Mirzapur","2017-02-11",2017,2,0.0,"IMD GRID MODEL"
"Uttar Pradesh","Mirzapur","2017-02-12",2017,2,0.0,"IMD GRID MODEL"
"Uttar Pradesh","Mirzapur","2017-02-13",2017,2,0.0,"IMD GRID MODEL"
"Uttar Pradesh","Mirzapur","2017-02-14",2017,2,0.0,"IMD GRID MODEL"
"Uttar Pradesh","Mirzapur","2017-02-15",2017,2,0.0,"IMD GRID MODEL"
"Uttar Pradesh","Mirzapur","2017-02-16",2017,2,0.0,"IMD GRID MODEL"
"Uttar Pradesh","Mirzapur","2017-02-17",2017,2,0.0,"IMD GRID MODEL"
"Uttar Pradesh","Mirzapur","2017-02-18",2017,2,0.0,"IMD GRID MODEL"
"Uttar Pradesh","Mirzapur","2017-02-19",2017,2,0.0,"IMD GRID MODEL"
"Uttar Pradesh","Mirzapur","2017-02-20",2017,2,0.0,"IMD GRID MODEL"
"Uttar Pradesh","Mirzapur","2017-02-21",2017,2,0.0,"IMD GRID MODEL"
"Uttar Pradesh","Mirzapur","2017-02-22",2017,2,0.0,"IMD GRID MODEL"
"Uttar Pradesh","Mirzapur","2017-02-23",2017,2,0.0,"IMD GRID MODEL"
"Uttar Pradesh","Mirzapur","2017-02-24",2017,2,0.0,"IMD GRID MODEL"
"Uttar Pradesh","Mirzapur","2017-02-25",2017,2,0.0,"IMD GRID MODEL"
"Uttar Pradesh","Mirzapur","2017-02-26",2017,2,0.0,"IMD GRID MODEL"
"Uttar Pradesh","Mirzapur","2017-02-27",2017,2,0.0,"IMD GRID MODEL"
"Uttar Pradesh","Mirzapur","2017-02-28",2017,2,0.0,"IMD GRID MODEL"
"Uttar Pradesh","Mirzapur","2017-01-01",2017,1,0.0,"IMD GRID MODEL"
"Uttar Pradesh","Mirzapur","2017-01-02",2017,1,0.0,"IMD GRID MODEL"
"Uttar Pradesh","Mirzapur","2017-01-03",2017,1,0.0033651953,"IMD GRID MODEL"
"Uttar Pradesh","Mirzapur","2017-01-04",2017,1,0.0,"IMD GRID MODEL"
"Uttar Pradesh","Mirzapur","2017-01-05",2017,1,0.0,"IMD GRID MODEL"
"Uttar Pradesh","Mirzapur","2017-01-06",2017,1,0.0,"IMD GRID MODEL"
"Uttar Pradesh","Mirzapur","2017-01-07",2017,1,0.0,"IMD GRID MODEL"
"Uttar Pradesh","Mirzapur","2017-01-08",2017,1,0.0,"IMD GRID MODEL"
"Uttar Pradesh","Mirzapur","2017-01-09",2017,1,0.0,"IMD GRID MODEL"
"Uttar Pradesh","Mirzapur","2017-01-10",2017,1,0.0,"IMD GRID MODEL"
"Uttar Pradesh","Mirzapur","2017-01-11",2017,1,0.0,"IMD GRID MODEL"
"Uttar Pradesh","Mirzapur","2017-01-12",2017,1,0.0,"IMD GRID MODEL"
"Uttar Pradesh","Mirzapur","2017-01-13",2017,1,0.0,"IMD GRID MODEL"
"Uttar Pradesh","Mirzapur","2017-01-14",2017,1,0.0,"IMD GRID MODEL"
"Uttar Pradesh","Mirzapur","2017-01-16",2017,1,0.0,"IMD GRID MODEL"
"Uttar Pradesh","Mirzapur","2017-01-15",2017,1,0.0,"IMD GRID MODEL"
"Uttar Pradesh","Mirzapur","2017-01-17",2017,1,0.0,"IMD GRID MODEL"
"Uttar Pradesh","Mirzapur","2017-01-18",2017,1,0.0,"IMD GRID MODEL"
"Uttar Pradesh","Mirzapur","2017-01-19",2017,1,0.0,"IMD GRID MODEL"
"Uttar Pradesh","Mirzapur","2017-01-20",2017,1,0.0,"IMD GRID MODEL"
"Uttar Pradesh","Mirzapur","2017-01-21",2017,1,0.0,"IMD GRID MODEL"
"Uttar Pradesh","Mirzapur","2017-01-22",2017,1,0.0,"IMD GRID MODEL"
"Uttar Pradesh","Mirzapur","2017-01-23",2017,1,0.0,"IMD GRID MODEL"
"Uttar Pradesh","Mirzapur","2017-01-24",2017,1,0.0,"IMD GRID MODEL"
"Uttar Pradesh","Mirzapur","2017-01-25",2017,1,0.0,"IMD GRID MODEL"
"Uttar Pradesh","Mirzapur","2017-01-26",2017,1,0.0,"IMD GRID MODEL"
"Uttar Pradesh","Mirzapur","2017-01-27",2017,1,0.0,"IMD GRID MODEL"
"Uttar Pradesh","Mirzapur","2017-01-28",2017,1,0.0,"IMD GRID MODEL"
"Uttar Pradesh","Mirzapur","2017-01-29",2017,1,0.0,"IMD GRID MODEL"
"Uttar Pradesh","Mirzapur","2017-01-30",2017,1,0.0,"IMD GRID MODEL"
"Uttar Pradesh","Mirzapur","2017-01-31",2017,1,0.0,"IMD GRID MODEL"
"Uttar Pradesh","Mirzapur","2017-07-02",2017,7,0.0,"IMD GRID MODEL"
"Uttar Pradesh","Mirzapur","2017-07-03",2017,7,0.0,"IMD GRID MODEL"
"Uttar Pradesh","Mirzapur","2017-07-04",2017,7,0.0402112355,"IMD GRID MODEL"
"Uttar Pradesh","Mirzapur","2017-07-01",2017,7,0.0,"IMD GRID MODEL"
"Uttar Pradesh","Mirzapur","2017-07-05",2017,7,0.0,"IMD GRID MODEL"
"Uttar Pradesh","Mirzapur","2017-07-06",2017,7,0.0,"IMD GRID MODEL"
"Uttar Pradesh","Mirzapur","2017-07-07",2017,7,0.0,"IMD GRID MODEL"
"Uttar Pradesh","Mirzapur","2017-07-08",2017,7,0.0,"IMD GRID MODEL"
"Uttar Pradesh","Mirzapur","2017-07-09",2017,7,0.0,"IMD GRID MODEL"
"Uttar Pradesh","Mirzapur","2017-07-10",2017,7,0.0,"IMD GRID MODEL"
"Uttar Pradesh","Mirzapur","2017-07-11",2017,7,0.0,"IMD GRID MODEL"
"Uttar Pradesh","Mirzapur","2017-07-12",2017,7,0.3607837903,"IMD GRID MODEL"
"Uttar Pradesh","Mirzapur","2017-07-13",2017,7,0.0,"IMD GRID MODEL"
"Uttar Pradesh","Mirzapur","2017-07-14",2017,7,0.0,"IMD GRID MODEL"
"Uttar Pradesh","Mirzapur","2017-07-15",2017,7,0.0,"IMD GRID MODEL"
"Uttar Pradesh","Mirzapur","2017-07-16",2017,7,0.0,"IMD GRID MODEL"
"Uttar Pradesh","Mirzapur","2017-07-17",2017,7,0.0,"IMD GRID MODEL"
"Uttar Pradesh","Mirzapur","2017-07-18",2017,7,0.0,"IMD GRID MODEL"
"Uttar Pradesh","Mirzapur","2017-07-19",2017,7,0.0,"IMD GRID MODEL"
"Uttar Pradesh","Mirzapur","2017-07-20",2017,7,0.0,"IMD GRID MODEL"
"Uttar Pradesh","Mirzapur","2017-07-21",2017,7,4.0861419781,"IMD GRID MODEL"
"Uttar Pradesh","Mirzapur","2017-07-22",2017,7,0.0,"IMD GRID MODEL"
"Uttar Pradesh","Mirzapur","2017-07-23",2017,7,0.0,"IMD GRID MODEL"
"Uttar Pradesh","Mirzapur","2017-07-24",2017,7,0.0,"IMD GRID MODEL"
"Uttar Pradesh","Mirzapur","2017-07-25",2017,7,0.0,"IMD GRID MODEL"
"Uttar Pradesh","Mirzapur","2017-07-26",2017,7,0.0,"IMD GRID MODEL"
"Uttar Pradesh","Mirzapur","2017-07-27",2017,7,0.0004118315,"IMD GRID MODEL"
"Uttar Pradesh","Mirzapur","2017-07-28",2017,7,0.0,"IMD GRID MODEL"
"Uttar Pradesh","Mirzapur","2017-07-29",2017,7,0.0,"IMD GRID MODEL"
"Uttar Pradesh","Mirzapur","2017-07-30",2017,7,0.0606153329,"IMD GRID MODEL"
"Uttar Pradesh","Mirzapur","2017-07-31",2017,7,0.4777157033,"IMD GRID MODEL"
"Uttar Pradesh","Mirzapur","2017-06-01",2017,6,0.0,"IMD GRID MODEL"
"Uttar Pradesh","Mirzapur","2017-06-02",2017,6,0.0,"IMD GRID MODEL"
"Uttar Pradesh","Mirzapur","2017-06-03",2017,6,0.0,"IMD GRID MODEL"
"Uttar Pradesh","Mirzapur","2017-06-04",2017,6,0.0,"IMD GRID MODEL"
"Uttar Pradesh","Mirzapur","2017-06-05",2017,6,0.0,"IMD GRID MODEL"
"Uttar Pradesh","Mirzapur","2017-06-06",2017,6,0.0,"IMD GRID MODEL"
"Uttar Pradesh","Mirzapur","2017-06-07",2017,6,0.0,"IMD GRID MODEL"
"Uttar Pradesh","Mirzapur","2017-06-08",2017,6,0.0,"IMD GRID MODEL"
"Uttar Pradesh","Mirzapur","2017-06-09",2017,6,0.0,"IMD GRID MODEL"
"Uttar Pradesh","Mirzapur","2017-06-10",2017,6,0.0,"IMD GRID MODEL"
"Uttar Pradesh","Mirzapur","2017-06-11",2017,6,0.0,"IMD GRID MODEL"
"Uttar Pradesh","Mirzapur","2017-06-12",2017,6,0.0,"IMD GRID MODEL"
"Uttar Pradesh","Mirzapur","2017-06-13",2017,6,0.0,"IMD GRID MODEL"
"Uttar Pradesh","Mirzapur","2017-06-14",2017,6,0.0,"IMD GRID MODEL"
"Uttar Pradesh","Mirzapur","2017-06-15",2017,6,0.0,"IMD GRID MODEL"
"Uttar Pradesh","Mirzapur","2017-06-16",2017,6,0.0,"IMD GRID MODEL"
"Uttar Pradesh","Mirzapur","2017-06-17",2017,6,0.0,"IMD GRID MODEL"
"Uttar Pradesh","Mirzapur","2017-06-18",2017,6,0.0,"IMD GRID MODEL"
"Uttar Pradesh","Mirzapur","2017-06-19",2017,6,0.0,"IMD GRID MODEL"
"Uttar Pradesh","Mirzapur","2017-06-20",2017,6,0.0,"IMD GRID MODEL"
"Uttar Pradesh","Mirzapur","2017-06-21",2017,6,0.0,"IMD GRID MODEL"
"Uttar Pradesh","Mirzapur","2017-06-22",2017,6,0.0,"IMD GRID MODEL"
"Uttar Pradesh","Mirzapur","2017-06-23",2017,6,0.0,"IMD GRID MODEL"
"Uttar Pradesh","Mirzapur","2017-06-24",2017,6,0.0,"IMD GRID MODEL"
"Uttar Pradesh","Mirzapur","2017-06-25",2017,6,0.0016825976,"IMD GRID MODEL"
"Uttar Pradesh","Mirzapur","2017-06-26",2017,6,0.0,"IMD GRID MODEL"
"Uttar Pradesh","Mirzapur","2017-06-27",2017,6,0.0510314019,"IMD GRID MODEL"
"Uttar Pradesh","Mirzapur","2017-06-28",2017,6,0.0,"IMD GRID MODEL"
"Uttar Pradesh","Mirzapur","2017-06-29",2017,6,0.0,"IMD GRID MODEL"
"Uttar Pradesh","Mirzapur","2017-06-30",2017,6,0.0,"IMD GRID MODEL"
"Uttar Pradesh","Mirzapur","2017-03-01",2017,3,0.0,"IMD GRID MODEL"
"Uttar Pradesh","Mirzapur","2017-03-02",2017,3,0.0,"IMD GRID MODEL"
"Uttar Pradesh","Mirzapur","2017-03-03",2017,3,0.0,"IMD GRID MODEL"
"Uttar Pradesh","Mirzapur","2017-03-04",2017,3,0.0,"IMD GRID MODEL"
"Uttar Pradesh","Mirzapur","2017-03-05",2017,3,0.0,"IMD GRID MODEL"
"Uttar Pradesh","Mirzapur","2017-03-06",2017,3,0.0,"IMD GRID MODEL"
"Uttar Pradesh","Mirzapur","2017-03-07",2017,3,0.1172487653,"IMD GRID MODEL"
"Uttar Pradesh","Mirzapur","2017-03-08",2017,3,0.0,"IMD GRID MODEL"
"Uttar Pradesh","Mirzapur","2017-03-09",2017,3,0.0,"IMD GRID MODEL"
"Uttar Pradesh","Mirzapur","2017-03-10",2017,3,0.0,"IMD GRID MODEL"
"Uttar Pradesh","Mirzapur","2017-03-11",2017,3,0.0,"IMD GRID MODEL"
"Uttar Pradesh","Mirzapur","2017-03-12",2017,3,0.0,"IMD GRID MODEL"
"Uttar Pradesh","Mirzapur","2017-03-13",2017,3,0.0,"IMD GRID MODEL"
"Uttar Pradesh","Mirzapur","2017-03-14",2017,3,0.0,"IMD GRID MODEL"
"Uttar Pradesh","Mirzapur","2017-03-15",2017,3,0.0195693713,"IMD GRID MODEL"
"Uttar Pradesh","Mirzapur","2017-03-16",2017,3,0.0,"IMD GRID MODEL"
"Uttar Pradesh","Mirzapur","2017-03-17",2017,3,0.0,"IMD GRID MODEL"
"Uttar Pradesh","Mirzapur","2017-03-18",2017,3,0.0,"IMD GRID MODEL"
"Uttar Pradesh","Mirzapur","2017-03-19",2017,3,0.0,"IMD GRID MODEL"
"Uttar Pradesh","Mirzapur","2017-03-20",2017,3,0.0,"IMD GRID MODEL"
"Uttar Pradesh","Mirzapur","2017-03-21",2017,3,0.0,"IMD GRID MODEL"
"Uttar Pradesh","Mirzapur","2017-03-22",2017,3,0.0,"IMD GRID MODEL"
"Uttar Pradesh","Mirzapur","2017-03-23",2017,3,0.0,"IMD GRID MODEL"
"Uttar Pradesh","Mirzapur","2017-03-24",2017,3,0.0,"IMD GRID MODEL"
"Uttar Pradesh","Mirzapur","2017-03-25",2017,3,0.0,"IMD GRID MODEL"
"Uttar Pradesh","Mirzapur","2017-03-26",2017,3,0.0,"IMD GRID MODEL"
"Uttar Pradesh","Mirzapur","2017-03-27",2017,3,0.0,"IMD GRID MODEL"
"Uttar Pradesh","Mirzapur","2017-03-28",2017,3,0.0,"IMD GRID MODEL"
"Uttar Pradesh","Mirzapur","2017-03-29",2017,3,0.0,"IMD GRID MODEL"
"Uttar Pradesh","Mirzapur","2017-03-30",2017,3,0.0,"IMD GRID MODEL"
"Uttar Pradesh","Mirzapur","2017-03-31",2017,3,0.0,"IMD GRID MODEL"
"Uttar Pradesh","Mirzapur","2017-05-01",2017,5,0.0,"IMD GRID MODEL"
"Uttar Pradesh","Mirzapur","2017-05-02",2017,5,0.0,"IMD GRID MODEL"
"Uttar Pradesh","Mirzapur","2017-05-03",2017,5,0.0,"IMD GRID MODEL"
"Uttar Pradesh","Mirzapur","2017-05-04",2017,5,0.0,"IMD GRID MODEL"
"Uttar Pradesh","Mirzapur","2017-05-05",2017,5,0.0,"IMD GRID MODEL"
"Uttar Pradesh","Mirzapur","2017-05-06",2017,5,0.0554813678,"IMD GRID MODEL"
"Uttar Pradesh","Mirzapur","2017-05-07",2017,5,0.0,"IMD GRID MODEL"
"Uttar Pradesh","Mirzapur","2017-05-08",2017,5,0.0,"IMD GRID MODEL"
"Uttar Pradesh","Mirzapur","2017-05-09",2017,5,0.0,"IMD GRID MODEL"
"Uttar Pradesh","Mirzapur","2017-05-10",2017,5,0.0,"IMD GRID MODEL"
"Uttar Pradesh","Mirzapur","2017-05-11",2017,5,0.0,"IMD GRID MODEL"
"Uttar Pradesh","Mirzapur","2017-05-12",2017,5,0.0464170899,"IMD GRID MODEL"
"Uttar Pradesh","Mirzapur","2017-05-13",2017,5,0.0,"IMD GRID MODEL"
"Uttar Pradesh","Mirzapur","2017-05-14",2017,5,0.5607052754,"IMD GRID MODEL"
"Uttar Pradesh","Mirzapur","2017-05-15",2017,5,0.6483344851,"IMD GRID MODEL"
"Uttar Pradesh","Mirzapur","2017-05-16",2017,5,0.0,"IMD GRID MODEL"
"Uttar Pradesh","Mirzapur","2017-05-17",2017,5,0.0,"IMD GRID MODEL"
"Uttar Pradesh","Mirzapur","2017-05-18",2017,5,0.0,"IMD GRID MODEL"
"Uttar Pradesh","Mirzapur","2017-05-19",2017,5,0.0,"IMD GRID MODEL"
"Uttar Pradesh","Mirzapur","2017-05-20",2017,5,0.0,"IMD GRID MODEL"
"Uttar Pradesh","Mirzapur","2017-05-21",2017,5,0.0,"IMD GRID MODEL"
"Uttar Pradesh","Mirzapur","2017-05-22",2017,5,0.0,"IMD GRID MODEL"
"Uttar Pradesh","Mirzapur","2017-05-23",2017,5,0.0,"IMD GRID MODEL"
"Uttar Pradesh","Mirzapur","2017-05-24",2017,5,0.0,"IMD GRID MODEL"
"Uttar Pradesh","Mirzapur","2017-05-25",2017,5,0.0,"IMD GRID MODEL"
"Uttar Pradesh","Mirzapur","2017-05-26",2017,5,0.0,"IMD GRID MODEL"
"Uttar Pradesh","Mirzapur","2017-05-27",2017,5,0.0,"IMD GRID MODEL"
"Uttar Pradesh","Mirzapur","2017-05-28",2017,5,0.0,"IMD GRID MODEL"
"Uttar Pradesh","Mirzapur","2017-05-29",2017,5,0.0,"IMD GRID MODEL"
"Uttar Pradesh","Mirzapur","2017-05-30",2017,5,0.0,"IMD GRID MODEL"
"Uttar Pradesh","Mirzapur","2017-05-31",2017,5,0.0,"IMD GRID MODEL"
"Uttar Pradesh","Mirzapur","2017-11-01",2017,11,3.000119206,"IMD GRID MODEL"
"Uttar Pradesh","Mirzapur","2017-11-02",2017,11,0.0712138443,"IMD GRID MODEL"
"Uttar Pradesh","Mirzapur","2017-11-03",2017,11,0.0088919031,"IMD GRID MODEL"
"Uttar Pradesh","Mirzapur","2017-11-04",2017,11,9.2739207037,"IMD GRID MODEL"
"Uttar Pradesh","Mirzapur","2017-11-05",2017,11,0.150635259,"IMD GRID MODEL"
"Uttar Pradesh","Mirzapur","2017-11-06",2017,11,0.3134787025,"IMD GRID MODEL"
"Uttar Pradesh","Mirzapur","2017-11-07",2017,11,4.1422456595,"IMD GRID MODEL"
"Uttar Pradesh","Mirzapur","2017-11-08",2017,11,0.9414194553,"IMD GRID MODEL"
"Uttar Pradesh","Mirzapur","2017-11-09",2017,11,0.0,"IMD GRID MODEL"
"Uttar Pradesh","Mirzapur","2017-11-10",2017,11,0.0,"IMD GRID MODEL"
"Uttar Pradesh","Mirzapur","2017-11-11",2017,11,0.0,"IMD GRID MODEL"
"Uttar Pradesh","Mirzapur","2017-11-12",2017,11,0.0,"IMD GRID MODEL"
"Uttar Pradesh","Mirzapur","2017-11-13",2017,11,0.0,"IMD GRID MODEL"
"Uttar Pradesh","Mirzapur","2017-11-14",2017,11,0.1916039204,"IMD GRID MODEL"
"Uttar Pradesh","Mirzapur","2017-11-15",2017,11,0.0,"IMD GRID MODEL"
"Uttar Pradesh","Mirzapur","2017-11-16",2017,11,0.0,"IMD GRID MODEL"
"Uttar Pradesh","Mirzapur","2017-11-17",2017,11,0.0,"IMD GRID MODEL"
"Uttar Pradesh","Mirzapur","2017-11-18",2017,11,0.0,"IMD GRID MODEL"
"Uttar Pradesh","Mirzapur","2017-11-19",2017,11,0.0,"IMD GRID MODEL"
"Uttar Pradesh","Mirzapur","2017-11-20",2017,11,0.0,"IMD GRID MODEL"
"Uttar Pradesh","Mirzapur","2017-11-21",2017,11,0.2268330353,"IMD GRID MODEL"
"Uttar Pradesh","Mirzapur","2017-11-22",2017,11,0.532176429,"IMD GRID MODEL"
"Uttar Pradesh","Mirzapur","2017-11-23",2017,11,3.7711832124,"IMD GRID MODEL"
"Uttar Pradesh","Mirzapur","2017-11-24",2017,11,7.4282623647,"IMD GRID MODEL"
"Uttar Pradesh","Mirzapur","2017-11-25",2017,11,18.1957039091,"IMD GRID MODEL"
"Uttar Pradesh","Mirzapur","2017-11-26",2017,11,5.4060810532,"IMD GRID MODEL"
"Uttar Pradesh","Mirzapur","2017-11-27",2017,11,0.5648517038,"IMD GRID MODEL"
"Uttar Pradesh","Mirzapur","2017-11-28",2017,11,0.4707986947,"IMD GRID MODEL"
"Uttar Pradesh","Mirzapur","2017-11-29",2017,11,0.0,"IMD GRID MODEL"
"Uttar Pradesh","Mirzapur","2017-11-30",2017,11,0.0400135629,"IMD GRID MODEL"
"Uttar Pradesh","Mirzapur","2017-10-01",2017,10,0.0,"IMD GRID MODEL"
"Uttar Pradesh","Mirzapur","2017-10-02",2017,10,12.4655808787,"IMD GRID MODEL"
"Uttar Pradesh","Mirzapur","2017-10-03",2017,10,0.0438803053,"IMD GRID MODEL"
"Uttar Pradesh","Mirzapur","2017-10-04",2017,10,18.0124034402,"IMD GRID MODEL"
"Uttar Pradesh","Mirzapur","2017-10-05",2017,10,7.7292567747,"IMD GRID MODEL"
"Uttar Pradesh","Mirzapur","2017-10-07",2017,10,0.4257430464,"IMD GRID MODEL"
"Uttar Pradesh","Mirzapur","2017-10-08",2017,10,0.3195990526,"IMD GRID MODEL"
"Uttar Pradesh","Mirzapur","2017-10-09",2017,10,2.2888127767,"IMD GRID MODEL"
"Uttar Pradesh","Mirzapur","2017-10-10",2017,10,3.5078747861,"IMD GRID MODEL"
"Uttar Pradesh","Mirzapur","2017-10-06",2017,10,6.3397060911,"IMD GRID MODEL"
"Uttar Pradesh","Mirzapur","2017-10-11",2017,10,1.4487111815,"IMD GRID MODEL"
"Uttar Pradesh","Mirzapur","2017-10-12",2017,10,5.3294166118,"IMD GRID MODEL"
"Uttar Pradesh","Mirzapur","2017-10-13",2017,10,11.0296798098,"IMD GRID MODEL"
"Uttar Pradesh","Mirzapur","2017-10-14",2017,10,9.4950038594,"IMD GRID MODEL"
"Uttar Pradesh","Mirzapur","2017-10-15",2017,10,0.6578318462,"IMD GRID MODEL"
"Uttar Pradesh","Mirzapur","2017-10-16",2017,10,0.0,"IMD GRID MODEL"
"Uttar Pradesh","Mirzapur","2017-10-17",2017,10,0.3800333323,"IMD GRID MODEL"
"Uttar Pradesh","Mirzapur","2017-10-18",2017,10,0.6307510252,"IMD GRID MODEL"
"Uttar Pradesh","Mirzapur","2017-10-19",2017,10,2.9270502874,"IMD GRID MODEL"
"Uttar Pradesh","Mirzapur","2017-10-20",2017,10,1.2078525276,"IMD GRID MODEL"
"Uttar Pradesh","Mirzapur","2017-10-21",2017,10,2.9406479291,"IMD GRID MODEL"
"Uttar Pradesh","Mirzapur","2017-10-22",2017,10,0.240182743,"IMD GRID MODEL"
"Uttar Pradesh","Mirzapur","2017-10-23",2017,10,0.1696249803,"IMD GRID MODEL"
"Uttar Pradesh","Mirzapur","2017-10-24",2017,10,0.3834627893,"IMD GRID MODEL"
"Uttar Pradesh","Mirzapur","2017-10-25",2017,10,0.0,"IMD GRID MODEL"
"Uttar Pradesh","Mirzapur","2017-10-26",2017,10,0.1332605024,"IMD GRID MODEL"
"Uttar Pradesh","Mirzapur","2017-10-27",2017,10,4.1991873442,"IMD GRID MODEL"
"Uttar Pradesh","Mirzapur","2017-10-28",2017,10,6.6471827459,"IMD GRID MODEL"
"Uttar Pradesh","Mirzapur","2017-10-29",2017,10,8.1182714447,"IMD GRID MODEL"
"Uttar Pradesh","Mirzapur","2017-10-30",2017,10,0.4287152254,"IMD GRID MODEL"
"Uttar Pradesh","Mirzapur","2017-10-31",2017,10,12.9165431475,"IMD GRID MODEL"
"Uttar Pradesh","Mirzapur","2017-09-02",2017,9,1.2694781976,"IMD GRID MODEL"
"Uttar Pradesh","Mirzapur","2017-09-03",2017,9,6.5529625976,"IMD GRID MODEL"
"Uttar Pradesh","Mirzapur","2017-09-04",2017,9,23.2075937745,"IMD GRID MODEL"
"Uttar Pradesh","Mirzapur","2017-09-05",2017,9,11.0285039348,"IMD GRID MODEL"
"Uttar Pradesh","Mirzapur","2017-09-06",2017,9,11.9148279529,"IMD GRID MODEL"
"Uttar Pradesh","Mirzapur","2017-09-07",2017,9,23.9045123536,"IMD GRID MODEL"
"Uttar Pradesh","Mirzapur","2017-09-08",2017,9,33.799916861,"IMD GRID MODEL"
"Uttar Pradesh","Mirzapur","2017-09-09",2017,9,27.2058491789,"IMD GRID MODEL"
"Uttar Pradesh","Mirzapur","2017-09-10",2017,9,4.1975526424,"IMD GRID MODEL"
"Uttar Pradesh","Mirzapur","2017-09-11",2017,9,1.8275182579,"IMD GRID MODEL"
"Uttar Pradesh","Mirzapur","2017-09-12",2017,9,38.830678178,"IMD GRID MODEL"
"Uttar Pradesh","Mirzapur","2017-09-13",2017,9,23.9241491104,"IMD GRID MODEL"
"Uttar Pradesh","Mirzapur","2017-09-14",2017,9,44.8987299828,"IMD GRID MODEL"
"Uttar Pradesh","Mirzapur","2017-09-15",2017,9,5.0555922179,"IMD GRID MODEL"
"Uttar Pradesh","Mirzapur","2017-09-01",2017,9,0.3092950816,"IMD GRID MODEL"
"Uttar Pradesh","Mirzapur","2017-09-16",2017,9,6.4768829528,"IMD GRID MODEL"
"Uttar Pradesh","Mirzapur","2017-09-17",2017,9,1.2158589006,"IMD GRID MODEL"
"Uttar Pradesh","Mirzapur","2017-09-18",2017,9,1.0767781347,"IMD GRID MODEL"
"Uttar Pradesh","Mirzapur","2017-09-19",2017,9,1.6503476378,"IMD GRID MODEL"
"Uttar Pradesh","Mirzapur","2017-09-20",2017,9,2.2119610139,"IMD GRID MODEL"
"Uttar Pradesh","Mirzapur","2017-09-21",2017,9,3.3661229233,"IMD GRID MODEL"
"Uttar Pradesh","Mirzapur","2017-09-22",2017,9,5.7293761264,"IMD GRID MODEL"
"Uttar Pradesh","Mirzapur","2017-09-23",2017,9,2.9757111374,"IMD GRID MODEL"
"Uttar Pradesh","Mirzapur","2017-09-24",2017,9,15.8918770685,"IMD GRID MODEL"
"Uttar Pradesh","Mirzapur","2017-09-25",2017,9,7.0713908295,"IMD GRID MODEL"
"Uttar Pradesh","Mirzapur","2017-09-26",2017,9,17.5905352435,"IMD GRID MODEL"
"Uttar Pradesh","Mirzapur","2017-09-27",2017,9,47.9784221381,"IMD GRID MODEL"
"Uttar Pradesh","Mirzapur","2017-09-28",2017,9,44.4373115722,"IMD GRID MODEL"
"Uttar Pradesh","Mirzapur","2017-09-29",2017,9,10.8660821961,"IMD GRID MODEL"
"Uttar Pradesh","Mirzapur","2017-09-30",2017,9,4.427127758,"IMD GRID MODEL"
"Uttar Pradesh","Mirzapur","2018-04-01",2018,4,0.0,"IMD GRID MODEL"
"Uttar Pradesh","Mirzapur","2018-04-02",2018,4,0.0,"IMD GRID MODEL"
"Uttar Pradesh","Mirzapur","2018-04-03",2018,4,0.0,"IMD GRID MODEL"
"Uttar Pradesh","Mirzapur","2018-04-04",2018,4,0.0,"IMD GRID MODEL"
"Uttar Pradesh","Mirzapur","2018-04-05",2018,4,0.0,"IMD GRID MODEL"
"Uttar Pradesh","Mirzapur","2018-04-06",2018,4,0.0,"IMD GRID MODEL"
"Uttar Pradesh","Mirzapur","2018-04-07",2018,4,0.0,"IMD GRID MODEL"
"Uttar Pradesh","Mirzapur","2018-04-08",2018,4,0.0,"IMD GRID MODEL"
"Uttar Pradesh","Mirzapur","2018-04-09",2018,4,0.0,"IMD GRID MODEL"
"Uttar Pradesh","Mirzapur","2018-04-10",2018,4,0.0,"IMD GRID MODEL"
"Uttar Pradesh","Mirzapur","2018-04-11",2018,4,0.0,"IMD GRID MODEL"
"Uttar Pradesh","Mirzapur","2018-04-12",2018,4,0.0,"IMD GRID MODEL"
"Uttar Pradesh","Mirzapur","2018-04-13",2018,4,0.0,"IMD GRID MODEL"
"Uttar Pradesh","Mirzapur","2018-04-14",2018,4,0.0,"IMD GRID MODEL"
"Uttar Pradesh","Mirzapur","2018-04-15",2018,4,0.0,"IMD GRID MODEL"
"Uttar Pradesh","Mirzapur","2018-04-16",2018,4,0.0,"IMD GRID MODEL"
"Uttar Pradesh","Mirzapur","2018-04-17",2018,4,0.0,"IMD GRID MODEL"
"Uttar Pradesh","Mirzapur","2018-04-18",2018,4,0.0,"IMD GRID MODEL"
"Uttar Pradesh","Mirzapur","2018-04-19",2018,4,0.0,"IMD GRID MODEL"
"Uttar Pradesh","Mirzapur","2018-04-20",2018,4,0.0,"IMD GRID MODEL"
"Uttar Pradesh","Mirzapur","2018-04-21",2018,4,0.0,"IMD GRID MODEL"
"Uttar Pradesh","Mirzapur","2018-04-22",2018,4,0.0,"IMD GRID MODEL"
"Uttar Pradesh","Mirzapur","2018-04-23",2018,4,0.0,"IMD GRID MODEL"
"Uttar Pradesh","Mirzapur","2018-04-24",2018,4,0.0,"IMD GRID MODEL"
"Uttar Pradesh","Mirzapur","2018-04-25",2018,4,0.0,"IMD GRID MODEL"
"Uttar Pradesh","Mirzapur","2018-04-26",2018,4,0.0,"IMD GRID MODEL"
"Uttar Pradesh","Mirzapur","2018-04-27",2018,4,0.0,"IMD GRID MODEL"
"Uttar Pradesh","Mirzapur","2018-04-28",2018,4,0.0,"IMD GRID MODEL"
"Uttar Pradesh","Mirzapur","2018-04-29",2018,4,0.0,"IMD GRID MODEL"
"Uttar Pradesh","Mirzapur","2018-04-30",2018,4,0.0,"IMD GRID MODEL"
"Uttar Pradesh","Mirzapur","2018-08-01",2018,8,0.010921668,"IMD GRID MODEL"
"Uttar Pradesh","Mirzapur","2018-08-02",2018,8,9.086227775,"IMD GRID MODEL"
"Uttar Pradesh","Mirzapur","2018-08-03",2018,8,1.00994395,"IMD GRID MODEL"
"Uttar Pradesh","Mirzapur","2018-08-04",2018,8,8.918343117,"IMD GRID MODEL"
"Uttar Pradesh","Mirzapur","2018-08-05",2018,8,1.797241668,"IMD GRID MODEL"
"Uttar Pradesh","Mirzapur","2018-08-06",2018,8,0.0,"IMD GRID MODEL"
"Uttar Pradesh","Mirzapur","2018-08-07",2018,8,0.053116862,"IMD GRID MODEL"
"Uttar Pradesh","Mirzapur","2018-08-08",2018,8,0.0,"IMD GRID MODEL"
"Uttar Pradesh","Mirzapur","2018-08-09",2018,8,4.289171016,"IMD GRID MODEL"
"Uttar Pradesh","Mirzapur","2018-08-10",2018,8,0.0,"IMD GRID MODEL"
"Uttar Pradesh","Mirzapur","2018-08-11",2018,8,0.0,"IMD GRID MODEL"
"Uttar Pradesh","Mirzapur","2018-08-12",2018,8,10.58716528,"IMD GRID MODEL"
"Uttar Pradesh","Mirzapur","2018-08-13",2018,8,30.53832042,"IMD GRID MODEL"
"Uttar Pradesh","Mirzapur","2018-08-14",2018,8,16.90821025,"IMD GRID MODEL"
"Uttar Pradesh","Mirzapur","2018-08-15",2018,8,2.58261231,"IMD GRID MODEL"
"Uttar Pradesh","Mirzapur","2018-08-16",2018,8,0.0,"IMD GRID MODEL"
"Uttar Pradesh","Mirzapur","2018-08-17",2018,8,0.250062322,"IMD GRID MODEL"
"Uttar Pradesh","Mirzapur","2018-08-18",2018,8,0.151313603,"IMD GRID MODEL"
"Uttar Pradesh","Mirzapur","2018-08-19",2018,8,0.457302031,"IMD GRID MODEL"
"Uttar Pradesh","Mirzapur","2018-08-20",2018,8,6.649109392,"IMD GRID MODEL"
"Uttar Pradesh","Mirzapur","2018-08-21",2018,8,26.85013391,"IMD GRID MODEL"
"Uttar Pradesh","Mirzapur","2018-08-22",2018,8,16.12083738,"IMD GRID MODEL"
"Uttar Pradesh","Mirzapur","2018-08-23",2018,8,19.18594575,"IMD GRID MODEL"
"Uttar Pradesh","Mirzapur","2018-08-24",2018,8,20.89972013,"IMD GRID MODEL"
"Uttar Pradesh","Mirzapur","2018-08-25",2018,8,16.58313959,"IMD GRID MODEL"
"Uttar Pradesh","Mirzapur","2018-08-26",2018,8,11.41962263,"IMD GRID MODEL"
"Uttar Pradesh","Mirzapur","2018-08-27",2018,8,23.59044263,"IMD GRID MODEL"
"Uttar Pradesh","Mirzapur","2018-08-28",2018,8,4.085336597,"IMD GRID MODEL"
"Uttar Pradesh","Mirzapur","2018-08-29",2018,8,10.93546819,"IMD GRID MODEL"
"Uttar Pradesh","Mirzapur","2018-08-30",2018,8,27.81642272,"IMD GRID MODEL"
"Uttar Pradesh","Mirzapur","2018-08-31",2018,8,15.36865006,"IMD GRID MODEL"
"Uttar Pradesh","Mirzapur","2018-12-01",2018,12,0.0,"IMD GRID MODEL"
"Uttar Pradesh","Mirzapur","2018-12-02",2018,12,0.0,"IMD GRID MODEL"
"Uttar Pradesh","Mirzapur","2018-12-03",2018,12,0.0,"IMD GRID MODEL"
"Uttar Pradesh","Mirzapur","2018-12-04",2018,12,0.0,"IMD GRID MODEL"
"Uttar Pradesh","Mirzapur","2018-12-05",2018,12,0.0,"IMD GRID MODEL"
"Uttar Pradesh","Mirzapur","2018-12-06",2018,12,0.030034588,"IMD GRID MODEL"
"Uttar Pradesh","Mirzapur","2018-12-07",2018,12,0.0,"IMD GRID MODEL"
"Uttar Pradesh","Mirzapur","2018-12-08",2018,12,0.0,"IMD GRID MODEL"
"Uttar Pradesh","Mirzapur","2018-12-09",2018,12,0.0,"IMD GRID MODEL"
"Uttar Pradesh","Mirzapur","2018-12-10",2018,12,0.0,"IMD GRID MODEL"
"Uttar Pradesh","Mirzapur","2018-12-11",2018,12,0.0,"IMD GRID MODEL"
"Uttar Pradesh","Mirzapur","2018-12-12",2018,12,0.0,"IMD GRID MODEL"
"Uttar Pradesh","Mirzapur","2018-12-13",2018,12,0.0,"IMD GRID MODEL"
"Uttar Pradesh","Mirzapur","2018-12-14",2018,12,0.0,"IMD GRID MODEL"
"Uttar Pradesh","Mirzapur","2018-12-15",2018,12,0.0,"IMD GRID MODEL"
"Uttar Pradesh","Mirzapur","2018-12-16",2018,12,0.0,"IMD GRID MODEL"
"Uttar Pradesh","Mirzapur","2018-12-17",2018,12,0.0,"IMD GRID MODEL"
"Uttar Pradesh","Mirzapur","2018-12-18",2018,12,0.0,"IMD GRID MODEL"
"Uttar Pradesh","Mirzapur","2018-12-19",2018,12,0.0,"IMD GRID MODEL"
"Uttar Pradesh","Mirzapur","2018-12-20",2018,12,0.0,"IMD GRID MODEL"
"Uttar Pradesh","Mirzapur","2018-12-21",2018,12,0.0,"IMD GRID MODEL"
"Uttar Pradesh","Mirzapur","2018-12-22",2018,12,0.0,"IMD GRID MODEL"
"Uttar Pradesh","Mirzapur","2018-12-23",2018,12,0.0,"IMD GRID MODEL"
"Uttar Pradesh","Mirzapur","2018-12-24",2018,12,0.0,"IMD GRID MODEL"
"Uttar Pradesh","Mirzapur","2018-12-25",2018,12,0.0,"IMD GRID MODEL"
"Uttar Pradesh","Mirzapur","2018-12-26",2018,12,0.0,"IMD GRID MODEL"
"Uttar Pradesh","Mirzapur","2018-12-27",2018,12,0.0,"IMD GRID MODEL"
"Uttar Pradesh","Mirzapur","2018-12-28",2018,12,0.0,"IMD GRID MODEL"
"Uttar Pradesh","Mirzapur","2018-12-29",2018,12,0.0,"IMD GRID MODEL"
"Uttar Pradesh","Mirzapur","2018-12-30",2018,12,0.0,"IMD GRID MODEL"
"Uttar Pradesh","Mirzapur","2018-12-31",2018,12,0.0,"IMD GRID MODEL"
"Uttar Pradesh","Mirzapur","2018-02-02",2018,2,0.0,"IMD GRID MODEL"
"Uttar Pradesh","Mirzapur","2018-02-01",2018,2,0.0,"IMD GRID MODEL"
"Uttar Pradesh","Mirzapur","2018-02-03",2018,2,0.0,"IMD GRID MODEL"
"Uttar Pradesh","Mirzapur","2018-02-04",2018,2,0.0,"IMD GRID MODEL"
"Uttar Pradesh","Mirzapur","2018-02-05",2018,2,0.0,"IMD GRID MODEL"
"Uttar Pradesh","Mirzapur","2018-02-06",2018,2,0.0,"IMD GRID MODEL"
"Uttar Pradesh","Mirzapur","2018-02-07",2018,2,0.0,"IMD GRID MODEL"
"Uttar Pradesh","Mirzapur","2018-02-08",2018,2,0.0,"IMD GRID MODEL"
"Uttar Pradesh","Mirzapur","2018-02-09",2018,2,0.0,"IMD GRID MODEL"
"Uttar Pradesh","Mirzapur","2018-02-10",2018,2,0.0,"IMD GRID MODEL"
"Uttar Pradesh","Mirzapur","2018-02-11",2018,2,0.0,"IMD GRID MODEL"
"Uttar Pradesh","Mirzapur","2018-02-12",2018,2,0.0,"IMD GRID MODEL"
"Uttar Pradesh","Mirzapur","2018-02-13",2018,2,0.0,"IMD GRID MODEL"
"Uttar Pradesh","Mirzapur","2018-02-14",2018,2,0.0,"IMD GRID MODEL"
"Uttar Pradesh","Mirzapur","2018-02-15",2018,2,0.0,"IMD GRID MODEL"
"Uttar Pradesh","Mirzapur","2018-02-16",2018,2,0.0,"IMD GRID MODEL"
"Uttar Pradesh","Mirzapur","2018-02-17",2018,2,0.0,"IMD GRID MODEL"
"Uttar Pradesh","Mirzapur","2018-02-18",2018,2,0.0,"IMD GRID MODEL"
"Uttar Pradesh","Mirzapur","2018-02-19",2018,2,0.0,"IMD GRID MODEL"
"Uttar Pradesh","Mirzapur","2018-02-20",2018,2,0.0,"IMD GRID MODEL"
"Uttar Pradesh","Mirzapur","2018-02-21",2018,2,0.0,"IMD GRID MODEL"
"Uttar Pradesh","Mirzapur","2018-02-22",2018,2,0.0,"IMD GRID MODEL"
"Uttar Pradesh","Mirzapur","2018-02-23",2018,2,0.0,"IMD GRID MODEL"
"Uttar Pradesh","Mirzapur","2018-02-24",2018,2,0.214050739,"IMD GRID MODEL"
"Uttar Pradesh","Mirzapur","2018-02-25",2018,2,0.0,"IMD GRID MODEL"
"Uttar Pradesh","Mirzapur","2018-02-26",2018,2,0.0,"IMD GRID MODEL"
"Uttar Pradesh","Mirzapur","2018-02-27",2018,2,0.0,"IMD GRID MODEL"
"Uttar Pradesh","Mirzapur","2018-02-28",2018,2,0.0,"IMD GRID MODEL"
"Uttar Pradesh","Mirzapur","2018-01-01",2018,1,0.0,"IMD GRID MODEL"
"Uttar Pradesh","Mirzapur","2018-01-02",2018,1,0.0,"IMD GRID MODEL"
"Uttar Pradesh","Mirzapur","2018-01-03",2018,1,0.0,"IMD GRID MODEL"
"Uttar Pradesh","Mirzapur","2018-01-04",2018,1,0.0,"IMD GRID MODEL"
"Uttar Pradesh","Mirzapur","2018-01-05",2018,1,0.0,"IMD GRID MODEL"
"Uttar Pradesh","Mirzapur","2018-01-06",2018,1,0.0,"IMD GRID MODEL"
"Uttar Pradesh","Mirzapur","2018-01-07",2018,1,0.0,"IMD GRID MODEL"
"Uttar Pradesh","Mirzapur","2018-01-08",2018,1,0.0,"IMD GRID MODEL"
"Uttar Pradesh","Mirzapur","2018-01-09",2018,1,0.0,"IMD GRID MODEL"
"Uttar Pradesh","Mirzapur","2018-01-10",2018,1,0.0,"IMD GRID MODEL"
"Uttar Pradesh","Mirzapur","2018-01-11",2018,1,0.0,"IMD GRID MODEL"
"Uttar Pradesh","Mirzapur","2018-01-12",2018,1,0.0,"IMD GRID MODEL"
"Uttar Pradesh","Mirzapur","2018-01-13",2018,1,0.0,"IMD GRID MODEL"
"Uttar Pradesh","Mirzapur","2018-01-14",2018,1,0.0,"IMD GRID MODEL"
"Uttar Pradesh","Mirzapur","2018-01-15",2018,1,0.0,"IMD GRID MODEL"
"Uttar Pradesh","Mirzapur","2018-01-16",2018,1,0.0,"IMD GRID MODEL"
"Uttar Pradesh","Mirzapur","2018-01-17",2018,1,0.0,"IMD GRID MODEL"
"Uttar Pradesh","Mirzapur","2018-01-18",2018,1,0.0,"IMD GRID MODEL"
"Uttar Pradesh","Mirzapur","2018-01-19",2018,1,0.0,"IMD GRID MODEL"
"Uttar Pradesh","Mirzapur","2018-01-20",2018,1,0.0,"IMD GRID MODEL"
"Uttar Pradesh","Mirzapur","2018-01-21",2018,1,0.0,"IMD GRID MODEL"
"Uttar Pradesh","Mirzapur","2018-01-22",2018,1,0.0,"IMD GRID MODEL"
"Uttar Pradesh","Mirzapur","2018-01-23",2018,1,0.0,"IMD GRID MODEL"
"Uttar Pradesh","Mirzapur","2018-01-24",2018,1,0.0,"IMD GRID MODEL"
"Uttar Pradesh","Mirzapur","2018-01-25",2018,1,0.0,"IMD GRID MODEL"
"Uttar Pradesh","Mirzapur","2018-01-26",2018,1,0.0,"IMD GRID MODEL"
"Uttar Pradesh","Mirzapur","2018-01-27",2018,1,0.0,"IMD GRID MODEL"
"Uttar Pradesh","Mirzapur","2018-01-29",2018,1,0.0,"IMD GRID MODEL"
"Uttar Pradesh","Mirzapur","2018-01-28",2018,1,0.0,"IMD GRID MODEL"
"Uttar Pradesh","Mirzapur","2018-01-30",2018,1,0.0,"IMD GRID MODEL"
"Uttar Pradesh","Mirzapur","2018-01-31",2018,1,0.0,"IMD GRID MODEL"
"Uttar Pradesh","Mirzapur","2018-07-01",2018,7,0.052956259,"IMD GRID MODEL"
"Uttar Pradesh","Mirzapur","2018-07-02",2018,7,0.186061724,"IMD GRID MODEL"
"Uttar Pradesh","Mirzapur","2018-07-03",2018,7,0.0,"IMD GRID MODEL"
"Uttar Pradesh","Mirzapur","2018-07-04",2018,7,0.0,"IMD GRID MODEL"
"Uttar Pradesh","Mirzapur","2018-07-05",2018,7,0.0,"IMD GRID MODEL"
"Uttar Pradesh","Mirzapur","2018-07-06",2018,7,0.0,"IMD GRID MODEL"
"Uttar Pradesh","Mirzapur","2018-07-07",2018,7,0.0,"IMD GRID MODEL"
"Uttar Pradesh","Mirzapur","2018-07-08",2018,7,0.0,"IMD GRID MODEL"
"Uttar Pradesh","Mirzapur","2018-07-09",2018,7,0.067325678,"IMD GRID MODEL"
"Uttar Pradesh","Mirzapur","2018-07-10",2018,7,0.826532223,"IMD GRID MODEL"
"Uttar Pradesh","Mirzapur","2018-07-11",2018,7,0.0,"IMD GRID MODEL"
"Uttar Pradesh","Mirzapur","2018-07-12",2018,7,8.203967553,"IMD GRID MODEL"
"Uttar Pradesh","Mirzapur","2018-07-13",2018,7,0.056662097,"IMD GRID MODEL"
"Uttar Pradesh","Mirzapur","2018-07-14",2018,7,3.012397252,"IMD GRID MODEL"
"Uttar Pradesh","Mirzapur","2018-07-15",2018,7,0.019569371,"IMD GRID MODEL"
"Uttar Pradesh","Mirzapur","2018-07-16",2018,7,0.0,"IMD GRID MODEL"
"Uttar Pradesh","Mirzapur","2018-07-17",2018,7,0.0,"IMD GRID MODEL"
"Uttar Pradesh","Mirzapur","2018-07-18",2018,7,0.722455377,"IMD GRID MODEL"
"Uttar Pradesh","Mirzapur","2018-07-19",2018,7,2.032136917,"IMD GRID MODEL"
"Uttar Pradesh","Mirzapur","2018-07-20",2018,7,0.396720212,"IMD GRID MODEL"
"Uttar Pradesh","Mirzapur","2018-07-21",2018,7,0.0,"IMD GRID MODEL"
"Uttar Pradesh","Mirzapur","2018-07-22",2018,7,0.0,"IMD GRID MODEL"
"Uttar Pradesh","Mirzapur","2018-07-23",2018,7,0.0,"IMD GRID MODEL"
"Uttar Pradesh","Mirzapur","2018-07-24",2018,7,0.140006066,"IMD GRID MODEL"
"Uttar Pradesh","Mirzapur","2018-07-25",2018,7,0.053475361,"IMD GRID MODEL"
"Uttar Pradesh","Mirzapur","2018-07-26",2018,7,0.0,"IMD GRID MODEL"
"Uttar Pradesh","Mirzapur","2018-07-27",2018,7,3.540657214,"IMD GRID MODEL"
"Uttar Pradesh","Mirzapur","2018-07-28",2018,7,7.555194197,"IMD GRID MODEL"
"Uttar Pradesh","Mirzapur","2018-07-29",2018,7,13.20785191,"IMD GRID MODEL"
"Uttar Pradesh","Mirzapur","2018-07-30",2018,7,0.158293947,"IMD GRID MODEL"
"Uttar Pradesh","Mirzapur","2018-07-31",2018,7,1.012095015,"IMD GRID MODEL"
"Uttar Pradesh","Mirzapur","2018-06-01",2018,6,0.031497396,"IMD GRID MODEL"
"Uttar Pradesh","Mirzapur","2018-06-02",2018,6,0.0,"IMD GRID MODEL"
"Uttar Pradesh","Mirzapur","2018-06-03",2018,6,9.60955419,"IMD GRID MODEL"
"Uttar Pradesh","Mirzapur","2018-06-04",2018,6,0.0,"IMD GRID MODEL"
"Uttar Pradesh","Mirzapur","2018-06-05",2018,6,0.0,"IMD GRID MODEL"
"Uttar Pradesh","Mirzapur","2018-06-06",2018,6,0.0,"IMD GRID MODEL"
"Uttar Pradesh","Mirzapur","2018-06-07",2018,6,0.0,"IMD GRID MODEL"
"Uttar Pradesh","Mirzapur","2018-06-08",2018,6,0.0,"IMD GRID MODEL"
"Uttar Pradesh","Mirzapur","2018-06-09",2018,6,0.0,"IMD GRID MODEL"
"Uttar Pradesh","Mirzapur","2018-06-10",2018,6,0.0,"IMD GRID MODEL"
"Uttar Pradesh","Mirzapur","2018-06-11",2018,6,0.0,"IMD GRID MODEL"
"Uttar Pradesh","Mirzapur","2018-06-12",2018,6,0.0,"IMD GRID MODEL"
"Uttar Pradesh","Mirzapur","2018-06-13",2018,6,0.0,"IMD GRID MODEL"
"Uttar Pradesh","Mirzapur","2018-06-14",2018,6,3.096886608,"IMD GRID MODEL"
"Uttar Pradesh","Mirzapur","2018-06-15",2018,6,0.00077453,"IMD GRID MODEL"
"Uttar Pradesh","Mirzapur","2018-06-16",2018,6,0.0,"IMD GRID MODEL"
"Uttar Pradesh","Mirzapur","2018-06-17",2018,6,0.0,"IMD GRID MODEL"
"Uttar Pradesh","Mirzapur","2018-06-18",2018,6,0.0,"IMD GRID MODEL"
"Uttar Pradesh","Mirzapur","2018-06-19",2018,6,0.0,"IMD GRID MODEL"
"Uttar Pradesh","Mirzapur","2018-06-20",2018,6,0.0,"IMD GRID MODEL"
"Uttar Pradesh","Mirzapur","2018-06-21",2018,6,0.0,"IMD GRID MODEL"
"Uttar Pradesh","Mirzapur","2018-06-22",2018,6,0.0,"IMD GRID MODEL"
"Uttar Pradesh","Mirzapur","2018-06-23",2018,6,0.0,"IMD GRID MODEL"
"Uttar Pradesh","Mirzapur","2018-06-24",2018,6,0.0,"IMD GRID MODEL"
"Uttar Pradesh","Mirzapur","2018-06-25",2018,6,0.028774182,"IMD GRID MODEL"
"Uttar Pradesh","Mirzapur","2018-06-26",2018,6,0.0,"IMD GRID MODEL"
"Uttar Pradesh","Mirzapur","2018-06-27",2018,6,0.0,"IMD GRID MODEL"
"Uttar Pradesh","Mirzapur","2018-06-28",2018,6,0.019112919,"IMD GRID MODEL"
"Uttar Pradesh","Mirzapur","2018-06-29",2018,6,0.057338755,"IMD GRID MODEL"
"Uttar Pradesh","Mirzapur","2018-06-30",2018,6,0.0,"IMD GRID MODEL"
"Uttar Pradesh","Mirzapur","2018-03-01",2018,3,0.0,"IMD GRID MODEL"
"Uttar Pradesh","Mirzapur","2018-03-02",2018,3,0.0,"IMD GRID MODEL"
"Uttar Pradesh","Mirzapur","2018-03-03",2018,3,0.0,"IMD GRID MODEL"
"Uttar Pradesh","Mirzapur","2018-03-04",2018,3,0.0,"IMD GRID MODEL"
"Uttar Pradesh","Mirzapur","2018-03-05",2018,3,0.0,"IMD GRID MODEL"
"Uttar Pradesh","Mirzapur","2018-03-06",2018,3,0.0,"IMD GRID MODEL"
"Uttar Pradesh","Mirzapur","2018-03-07",2018,3,0.0,"IMD GRID MODEL"
"Uttar Pradesh","Mirzapur","2018-03-08",2018,3,0.0,"IMD GRID MODEL"
"Uttar Pradesh","Mirzapur","2018-03-09",2018,3,0.0,"IMD GRID MODEL"
"Uttar Pradesh","Mirzapur","2018-03-10",2018,3,0.0,"IMD GRID MODEL"
"Uttar Pradesh","Mirzapur","2018-03-11",2018,3,0.0,"IMD GRID MODEL"
"Uttar Pradesh","Mirzapur","2018-03-12",2018,3,0.0,"IMD GRID MODEL"
"Uttar Pradesh","Mirzapur","2018-03-13",2018,3,0.0,"IMD GRID MODEL"
"Uttar Pradesh","Mirzapur","2018-03-14",2018,3,0.0,"IMD GRID MODEL"
"Uttar Pradesh","Mirzapur","2018-03-15",2018,3,0.208330943,"IMD GRID MODEL"
"Uttar Pradesh","Mirzapur","2018-03-16",2018,3,2.03743633,"IMD GRID MODEL"
"Uttar Pradesh","Mirzapur","2018-03-17",2018,3,0.0,"IMD GRID MODEL"
"Uttar Pradesh","Mirzapur","2018-03-18",2018,3,0.0,"IMD GRID MODEL"
"Uttar Pradesh","Mirzapur","2018-03-19",2018,3,0.0,"IMD GRID MODEL"
"Uttar Pradesh","Mirzapur","2018-03-20",2018,3,0.0,"IMD GRID MODEL"
"Uttar Pradesh","Mirzapur","2018-03-21",2018,3,0.0,"IMD GRID MODEL"
"Uttar Pradesh","Mirzapur","2018-03-22",2018,3,0.0,"IMD GRID MODEL"
"Uttar Pradesh","Mirzapur","2018-03-23",2018,3,0.0,"IMD GRID MODEL"
"Uttar Pradesh","Mirzapur","2018-03-24",2018,3,0.0,"IMD GRID MODEL"
"Uttar Pradesh","Mirzapur","2018-03-25",2018,3,0.0,"IMD GRID MODEL"
"Uttar Pradesh","Mirzapur","2018-03-26",2018,3,0.0,"IMD GRID MODEL"
"Uttar Pradesh","Mirzapur","2018-03-27",2018,3,0.0,"IMD GRID MODEL"
"Uttar Pradesh","Mirzapur","2018-03-28",2018,3,0.0,"IMD GRID MODEL"
"Uttar Pradesh","Mirzapur","2018-03-29",2018,3,0.0,"IMD GRID MODEL"
"Uttar Pradesh","Mirzapur","2018-03-30",2018,3,0.0,"IMD GRID MODEL"
"Uttar Pradesh","Mirzapur","2018-03-31",2018,3,0.0,"IMD GRID MODEL"
"Uttar Pradesh","Mirzapur","2018-05-01",2018,5,0.0,"IMD GRID MODEL"
"Uttar Pradesh","Mirzapur","2018-05-02",2018,5,0.0,"IMD GRID MODEL"
"Uttar Pradesh","Mirzapur","2018-05-03",2018,5,0.0,"IMD GRID MODEL"
"Uttar Pradesh","Mirzapur","2018-05-04",2018,5,0.0,"IMD GRID MODEL"
"Uttar Pradesh","Mirzapur","2018-05-05",2018,5,0.0,"IMD GRID MODEL"
"Uttar Pradesh","Mirzapur","2018-05-06",2018,5,0.0,"IMD GRID MODEL"
"Uttar Pradesh","Mirzapur","2018-05-07",2018,5,0.0,"IMD GRID MODEL"
"Uttar Pradesh","Mirzapur","2018-05-08",2018,5,0.032628204,"IMD GRID MODEL"
"Uttar Pradesh","Mirzapur","2018-05-09",2018,5,5.617706833,"IMD GRID MODEL"
"Uttar Pradesh","Mirzapur","2018-05-10",2018,5,0.008523315,"IMD GRID MODEL"
"Uttar Pradesh","Mirzapur","2018-05-11",2018,5,0.0,"IMD GRID MODEL"
"Uttar Pradesh","Mirzapur","2018-05-12",2018,5,0.000673039,"IMD GRID MODEL"
"Uttar Pradesh","Mirzapur","2018-05-13",2018,5,0.61458012,"IMD GRID MODEL"
"Uttar Pradesh","Mirzapur","2018-05-14",2018,5,0.020043797,"IMD GRID MODEL"
"Uttar Pradesh","Mirzapur","2018-05-15",2018,5,0.0,"IMD GRID MODEL"
"Uttar Pradesh","Mirzapur","2018-05-16",2018,5,0.0,"IMD GRID MODEL"
"Uttar Pradesh","Mirzapur","2018-05-17",2018,5,0.0,"IMD GRID MODEL"
"Uttar Pradesh","Mirzapur","2018-05-18",2018,5,0.0,"IMD GRID MODEL"
"Uttar Pradesh","Mirzapur","2018-05-19",2018,5,0.07099084,"IMD GRID MODEL"
"Uttar Pradesh","Mirzapur","2018-05-20",2018,5,0.0,"IMD GRID MODEL"
"Uttar Pradesh","Mirzapur","2018-05-21",2018,5,0.0,"IMD GRID MODEL"
"Uttar Pradesh","Mirzapur","2018-05-22",2018,5,0.0,"IMD GRID MODEL"
"Uttar Pradesh","Mirzapur","2018-05-23",2018,5,0.0,"IMD GRID MODEL"
"Uttar Pradesh","Mirzapur","2018-05-24",2018,5,0.0,"IMD GRID MODEL"
"Uttar Pradesh","Mirzapur","2018-05-25",2018,5,0.0,"IMD GRID MODEL"
"Uttar Pradesh","Mirzapur","2018-05-26",2018,5,0.0,"IMD GRID MODEL"
"Uttar Pradesh","Mirzapur","2018-05-27",2018,5,0.0,"IMD GRID MODEL"
"Uttar Pradesh","Mirzapur","2018-05-28",2018,5,0.0,"IMD GRID MODEL"
"Uttar Pradesh","Mirzapur","2018-05-29",2018,5,0.0,"IMD GRID MODEL"
"Uttar Pradesh","Mirzapur","2018-05-30",2018,5,0.0,"IMD GRID MODEL"
"Uttar Pradesh","Mirzapur","2018-05-31",2018,5,7.22049535,"IMD GRID MODEL"
"Uttar Pradesh","Mirzapur","2018-11-01",2018,11,0.0,"IMD GRID MODEL"
"Uttar Pradesh","Mirzapur","2018-11-02",2018,11,0.0,"IMD GRID MODEL"
"Uttar Pradesh","Mirzapur","2018-11-03",2018,11,0.0,"IMD GRID MODEL"
"Uttar Pradesh","Mirzapur","2018-11-04",2018,11,0.0,"IMD GRID MODEL"
"Uttar Pradesh","Mirzapur","2018-11-05",2018,11,0.0,"IMD GRID MODEL"
"Uttar Pradesh","Mirzapur","2018-11-06",2018,11,0.0,"IMD GRID MODEL"
"Uttar Pradesh","Mirzapur","2018-11-07",2018,11,0.0,"IMD GRID MODEL"
"Uttar Pradesh","Mirzapur","2018-11-08",2018,11,0.0,"IMD GRID MODEL"
"Uttar Pradesh","Mirzapur","2018-11-09",2018,11,0.0,"IMD GRID MODEL"
"Uttar Pradesh","Mirzapur","2018-11-10",2018,11,0.0,"IMD GRID MODEL"
"Uttar Pradesh","Mirzapur","2018-11-11",2018,11,0.0,"IMD GRID MODEL"
"Uttar Pradesh","Mirzapur","2018-11-12",2018,11,0.287081904,"IMD GRID MODEL"
"Uttar Pradesh","Mirzapur","2018-11-13",2018,11,0.0,"IMD GRID MODEL"
"Uttar Pradesh","Mirzapur","2018-11-14",2018,11,0.0,"IMD GRID MODEL"
"Uttar Pradesh","Mirzapur","2018-11-15",2018,11,0.0,"IMD GRID MODEL"
"Uttar Pradesh","Mirzapur","2018-11-16",2018,11,0.0,"IMD GRID MODEL"
"Uttar Pradesh","Mirzapur","2018-11-17",2018,11,0.0,"IMD GRID MODEL"
"Uttar Pradesh","Mirzapur","2018-11-18",2018,11,0.0,"IMD GRID MODEL"
"Uttar Pradesh","Mirzapur","2018-11-19",2018,11,0.0,"IMD GRID MODEL"
"Uttar Pradesh","Mirzapur","2018-11-20",2018,11,0.0,"IMD GRID MODEL"
"Uttar Pradesh","Mirzapur","2018-11-21",2018,11,0.0,"IMD GRID MODEL"
"Uttar Pradesh","Mirzapur","2018-11-22",2018,11,0.0,"IMD GRID MODEL"
"Uttar Pradesh","Mirzapur","2018-11-23",2018,11,0.0,"IMD GRID MODEL"
"Uttar Pradesh","Mirzapur","2018-11-24",2018,11,0.0,"IMD GRID MODEL"
"Uttar Pradesh","Mirzapur","2018-11-25",2018,11,0.0,"IMD GRID MODEL"
"Uttar Pradesh","Mirzapur","2018-11-26",2018,11,0.0,"IMD GRID MODEL"
"Uttar Pradesh","Mirzapur","2018-11-27",2018,11,0.0,"IMD GRID MODEL"
"Uttar Pradesh","Mirzapur","2018-11-28",2018,11,0.0,"IMD GRID MODEL"
"Uttar Pradesh","Mirzapur","2018-11-29",2018,11,0.0,"IMD GRID MODEL"
"Uttar Pradesh","Mirzapur","2018-11-30",2018,11,0.0,"IMD GRID MODEL"
"Uttar Pradesh","Mirzapur","2018-10-01",2018,10,10.4239975,"IMD GRID MODEL"
"Uttar Pradesh","Mirzapur","2018-10-02",2018,10,71.43329405,"IMD GRID MODEL"
"Uttar Pradesh","Mirzapur","2018-10-03",2018,10,14.49584308,"IMD GRID MODEL"
"Uttar Pradesh","Mirzapur","2018-10-04",2018,10,31.11121959,"IMD GRID MODEL"
"Uttar Pradesh","Mirzapur","2018-10-05",2018,10,28.57171342,"IMD GRID MODEL"
"Uttar Pradesh","Mirzapur","2018-10-06",2018,10,7.545388943,"IMD GRID MODEL"
"Uttar Pradesh","Mirzapur","2018-10-07",2018,10,31.23250017,"IMD GRID MODEL"
"Uttar Pradesh","Mirzapur","2018-10-08",2018,10,10.26830561,"IMD GRID MODEL"
"Uttar Pradesh","Mirzapur","2018-10-09",2018,10,3.265883534,"IMD GRID MODEL"
"Uttar Pradesh","Mirzapur","2018-10-10",2018,10,2.273166434,"IMD GRID MODEL"
"Uttar Pradesh","Mirzapur","2018-10-11",2018,10,0.0,"IMD GRID MODEL"
"Uttar Pradesh","Mirzapur","2018-10-12",2018,10,0.0,"IMD GRID MODEL"
"Uttar Pradesh","Mirzapur","2018-10-13",2018,10,0.022837776,"IMD GRID MODEL"
"Uttar Pradesh","Mirzapur","2018-10-14",2018,10,7.842588595,"IMD GRID MODEL"
"Uttar Pradesh","Mirzapur","2018-10-15",2018,10,0.0,"IMD GRID MODEL"
"Uttar Pradesh","Mirzapur","2018-10-16",2018,10,0.0,"IMD GRID MODEL"
"Uttar Pradesh","Mirzapur","2018-10-17",2018,10,0.0,"IMD GRID MODEL"
"Uttar Pradesh","Mirzapur","2018-10-18",2018,10,0.0,"IMD GRID MODEL"
"Uttar Pradesh","Mirzapur","2018-10-19",2018,10,0.0,"IMD GRID MODEL"
"Uttar Pradesh","Mirzapur","2018-10-20",2018,10,0.0,"IMD GRID MODEL"
"Uttar Pradesh","Mirzapur","2018-10-21",2018,10,0.0,"IMD GRID MODEL"
"Uttar Pradesh","Mirzapur","2018-10-22",2018,10,15.22948133,"IMD GRID MODEL"
"Uttar Pradesh","Mirzapur","2018-10-23",2018,10,11.15257066,"IMD GRID MODEL"
"Uttar Pradesh","Mirzapur","2018-10-24",2018,10,1.506271186,"IMD GRID MODEL"
"Uttar Pradesh","Mirzapur","2018-10-25",2018,10,0.0,"IMD GRID MODEL"
"Uttar Pradesh","Mirzapur","2018-10-26",2018,10,0.0,"IMD GRID MODEL"
"Uttar Pradesh","Mirzapur","2018-10-27",2018,10,0.0,"IMD GRID MODEL"
"Uttar Pradesh","Mirzapur","2018-10-28",2018,10,0.402835799,"IMD GRID MODEL"
"Uttar Pradesh","Mirzapur","2018-10-29",2018,10,0.0,"IMD GRID MODEL"
"Uttar Pradesh","Mirzapur","2018-10-30",2018,10,0.0,"IMD GRID MODEL"
"Uttar Pradesh","Mirzapur","2018-10-31",2018,10,0.0,"IMD GRID MODEL"
"Uttar Pradesh","Mirzapur","2018-09-01",2018,9,14.90320365,"IMD GRID MODEL"
"Uttar Pradesh","Mirzapur","2018-09-02",2018,9,28.58627563,"IMD GRID MODEL"
"Uttar Pradesh","Mirzapur","2018-09-03",2018,9,83.18194663,"IMD GRID MODEL"
"Uttar Pradesh","Mirzapur","2018-09-04",2018,9,10.48868592,"IMD GRID MODEL"
"Uttar Pradesh","Mirzapur","2018-09-05",2018,9,4.425497354,"IMD GRID MODEL"
"Uttar Pradesh","Mirzapur","2018-09-06",2018,9,1.412129243,"IMD GRID MODEL"
"Uttar Pradesh","Mirzapur","2018-09-07",2018,9,19.18578073,"IMD GRID MODEL"
"Uttar Pradesh","Mirzapur","2018-09-08",2018,9,5.138364779,"IMD GRID MODEL"
"Uttar Pradesh","Mirzapur","2018-09-09",2018,9,1.331459715,"IMD GRID MODEL"
"Uttar Pradesh","Mirzapur","2018-09-10",2018,9,7.126155754,"IMD GRID MODEL"
"Uttar Pradesh","Mirzapur","2018-09-11",2018,9,1.915579681,"IMD GRID MODEL"
"Uttar Pradesh","Mirzapur","2018-09-12",2018,9,6.216268888,"IMD GRID MODEL"
"Uttar Pradesh","Mirzapur","2018-09-13",2018,9,10.04302524,"IMD GRID MODEL"
"Uttar Pradesh","Mirzapur","2018-09-14",2018,9,9.407928384,"IMD GRID MODEL"
"Uttar Pradesh","Mirzapur","2018-09-15",2018,9,18.05260321,"IMD GRID MODEL"
"Uttar Pradesh","Mirzapur","2018-09-16",2018,9,8.174158462,"IMD GRID MODEL"
"Uttar Pradesh","Mirzapur","2018-09-17",2018,9,1.275324559,"IMD GRID MODEL"
"Uttar Pradesh","Mirzapur","2018-09-18",2018,9,0.0,"IMD GRID MODEL"
"Uttar Pradesh","Mirzapur","2018-09-19",2018,9,0.0,"IMD GRID MODEL"
"Uttar Pradesh","Mirzapur","2018-09-20",2018,9,12.28052524,"IMD GRID MODEL"
"Uttar Pradesh","Mirzapur","2018-09-21",2018,9,3.858441828,"IMD GRID MODEL"
"Uttar Pradesh","Mirzapur","2018-09-22",2018,9,8.821084783,"IMD GRID MODEL"
"Uttar Pradesh","Mirzapur","2018-09-23",2018,9,1.870573158,"IMD GRID MODEL"
"Uttar Pradesh","Mirzapur","2018-09-24",2018,9,0.828473667,"IMD GRID MODEL"
"Uttar Pradesh","Mirzapur","2018-09-25",2018,9,36.81851878,"IMD GRID MODEL"
"Uttar Pradesh","Mirzapur","2018-09-26",2018,9,66.63442882,"IMD GRID MODEL"
"Uttar Pradesh","Mirzapur","2018-09-27",2018,9,7.120018357,"IMD GRID MODEL"
"Uttar Pradesh","Mirzapur","2018-09-28",2018,9,15.46562701,"IMD GRID MODEL"
"Uttar Pradesh","Mirzapur","2018-09-29",2018,9,6.895124627,"IMD GRID MODEL"
"Uttar Pradesh","Mirzapur","2018-09-30",2018,9,1.526664303,"IMD GRID MODEL"
"Uttar Pradesh","Mirzapur","2019-04-01",2019,4,0.0,"IMD GRID MODEL"
"Uttar Pradesh","Mirzapur","2019-04-02",2019,4,0.0,"IMD GRID MODEL"
"Uttar Pradesh","Mirzapur","2019-04-03",2019,4,0.0,"IMD GRID MODEL"
"Uttar Pradesh","Mirzapur","2019-04-04",2019,4,0.0,"IMD GRID MODEL"
"Uttar Pradesh","Mirzapur","2019-04-05",2019,4,0.0,"IMD GRID MODEL"
"Uttar Pradesh","Mirzapur","2019-04-06",2019,4,0.0,"IMD GRID MODEL"
"Uttar Pradesh","Mirzapur","2019-04-07",2019,4,0.0,"IMD GRID MODEL"
"Uttar Pradesh","Mirzapur","2019-04-08",2019,4,0.109527268,"IMD GRID MODEL"
"Uttar Pradesh","Mirzapur","2019-04-09",2019,4,0.0,"IMD GRID MODEL"
"Uttar Pradesh","Mirzapur","2019-04-10",2019,4,0.0,"IMD GRID MODEL"
"Uttar Pradesh","Mirzapur","2019-04-11",2019,4,0.0,"IMD GRID MODEL"
"Uttar Pradesh","Mirzapur","2019-04-12",2019,4,0.0,"IMD GRID MODEL"
"Uttar Pradesh","Mirzapur","2019-04-13",2019,4,0.0,"IMD GRID MODEL"
"Uttar Pradesh","Mirzapur","2019-04-14",2019,4,0.0,"IMD GRID MODEL"
"Uttar Pradesh","Mirzapur","2019-04-15",2019,4,0.0,"IMD GRID MODEL"
"Uttar Pradesh","Mirzapur","2019-04-16",2019,4,0.0,"IMD GRID MODEL"
"Uttar Pradesh","Mirzapur","2019-04-17",2019,4,0.125672619,"IMD GRID MODEL"
"Uttar Pradesh","Mirzapur","2019-04-18",2019,4,0.578179762,"IMD GRID MODEL"
"Uttar Pradesh","Mirzapur","2019-04-19",2019,4,0.0,"IMD GRID MODEL"
"Uttar Pradesh","Mirzapur","2019-04-20",2019,4,0.02730417,"IMD GRID MODEL"
"Uttar Pradesh","Mirzapur","2019-04-21",2019,4,0.0,"IMD GRID MODEL"
"Uttar Pradesh","Mirzapur","2019-04-22",2019,4,0.0,"IMD GRID MODEL"
"Uttar Pradesh","Mirzapur","2019-04-23",2019,4,0.036742608,"IMD GRID MODEL"
"Uttar Pradesh","Mirzapur","2019-04-24",2019,4,0.0,"IMD GRID MODEL"
"Uttar Pradesh","Mirzapur","2019-04-25",2019,4,0.0,"IMD GRID MODEL"
"Uttar Pradesh","Mirzapur","2019-04-26",2019,4,0.0,"IMD GRID MODEL"
"Uttar Pradesh","Mirzapur","2019-04-27",2019,4,0.0,"IMD GRID MODEL"
"Uttar Pradesh","Mirzapur","2019-04-29",2019,4,0.0,"IMD GRID MODEL"
"Uttar Pradesh","Mirzapur","2019-04-30",2019,4,0.0,"IMD GRID MODEL"
"Uttar Pradesh","Mirzapur","2019-04-28",2019,4,0.0,"IMD GRID MODEL"
"Uttar Pradesh","Mirzapur","2019-08-01",2019,8,0.00077453,"IMD GRID MODEL"
"Uttar Pradesh","Mirzapur","2019-08-02",2019,8,0.349961571,"IMD GRID MODEL"
"Uttar Pradesh","Mirzapur","2019-08-03",2019,8,0.778887078,"IMD GRID MODEL"
"Uttar Pradesh","Mirzapur","2019-08-04",2019,8,0.962251916,"IMD GRID MODEL"
"Uttar Pradesh","Mirzapur","2019-08-05",2019,8,15.93781686,"IMD GRID MODEL"
"Uttar Pradesh","Mirzapur","2019-08-06",2019,8,11.47240161,"IMD GRID MODEL"
"Uttar Pradesh","Mirzapur","2019-08-07",2019,8,16.91812448,"IMD GRID MODEL"
"Uttar Pradesh","Mirzapur","2019-08-08",2019,8,0.565612019,"IMD GRID MODEL"
"Uttar Pradesh","Mirzapur","2019-08-09",2019,8,0.616542547,"IMD GRID MODEL"
"Uttar Pradesh","Mirzapur","2019-08-10",2019,8,0.292539055,"IMD GRID MODEL"
"Uttar Pradesh","Mirzapur","2019-08-11",2019,8,0.000387265,"IMD GRID MODEL"
"Uttar Pradesh","Mirzapur","2019-08-12",2019,8,4.22574787,"IMD GRID MODEL"
"Uttar Pradesh","Mirzapur","2019-08-13",2019,8,20.7353566,"IMD GRID MODEL"
"Uttar Pradesh","Mirzapur","2019-08-14",2019,8,4.3508431,"IMD GRID MODEL"
"Uttar Pradesh","Mirzapur","2019-08-15",2019,8,4.572200441,"IMD GRID MODEL"
"Uttar Pradesh","Mirzapur","2019-08-16",2019,8,2.731789274,"IMD GRID MODEL"
"Uttar Pradesh","Mirzapur","2019-08-17",2019,8,5.288465785,"IMD GRID MODEL"
"Uttar Pradesh","Mirzapur","2019-08-18",2019,8,1.7795178,"IMD GRID MODEL"
"Uttar Pradesh","Mirzapur","2019-08-19",2019,8,15.63482746,"IMD GRID MODEL"
"Uttar Pradesh","Mirzapur","2019-08-20",2019,8,36.07512712,"IMD GRID MODEL"
"Uttar Pradesh","Mirzapur","2019-08-21",2019,8,42.20884341,"IMD GRID MODEL"
"Uttar Pradesh","Mirzapur","2019-08-22",2019,8,19.0253171,"IMD GRID MODEL"
"Uttar Pradesh","Mirzapur","2019-08-23",2019,8,13.28844778,"IMD GRID MODEL"
"Uttar Pradesh","Mirzapur","2019-08-24",2019,8,11.77358343,"IMD GRID MODEL"
"Uttar Pradesh","Mirzapur","2019-08-25",2019,8,7.314384603,"IMD GRID MODEL"
"Uttar Pradesh","Mirzapur","2019-08-26",2019,8,6.221981538,"IMD GRID MODEL"
"Uttar Pradesh","Mirzapur","2019-08-27",2019,8,4.447019114,"IMD GRID MODEL"
"Uttar Pradesh","Mirzapur","2019-08-28",2019,8,3.189311134,"IMD GRID MODEL"
"Uttar Pradesh","Mirzapur","2019-08-29",2019,8,2.636990177,"IMD GRID MODEL"
"Uttar Pradesh","Mirzapur","2019-08-30",2019,8,6.298308837,"IMD GRID MODEL"
"Uttar Pradesh","Mirzapur","2019-08-31",2019,8,4.413394539,"IMD GRID MODEL"
"Uttar Pradesh","Mirzapur","2019-12-01",2019,12,0.0,"IMD GRID MODEL"
"Uttar Pradesh","Mirzapur","2019-12-02",2019,12,0.0,"IMD GRID MODEL"
"Uttar Pradesh","Mirzapur","2019-12-03",2019,12,0.0,"IMD GRID MODEL"
"Uttar Pradesh","Mirzapur","2019-12-04",2019,12,0.0,"IMD GRID MODEL"
"Uttar Pradesh","Mirzapur","2019-12-05",2019,12,0.0,"IMD GRID MODEL"
"Uttar Pradesh","Mirzapur","2019-12-07",2019,12,0.0,"IMD GRID MODEL"
"Uttar Pradesh","Mirzapur","2019-12-08",2019,12,0.0,"IMD GRID MODEL"
"Uttar Pradesh","Mirzapur","2019-12-06",2019,12,0.0,"IMD GRID MODEL"
"Uttar Pradesh","Mirzapur","2019-12-09",2019,12,0.0,"IMD GRID MODEL"
"Uttar Pradesh","Mirzapur","2019-12-10",2019,12,0.0,"IMD GRID MODEL"
"Uttar Pradesh","Mirzapur","2019-12-11",2019,12,0.0,"IMD GRID MODEL"
"Uttar Pradesh","Mirzapur","2019-12-12",2019,12,0.0,"IMD GRID MODEL"
"Uttar Pradesh","Mirzapur","2019-12-13",2019,12,13.25940634,"IMD GRID MODEL"
"Uttar Pradesh","Mirzapur","2019-12-14",2019,12,8.987840162,"IMD GRID MODEL"
"Uttar Pradesh","Mirzapur","2019-12-15",2019,12,0.747599164,"IMD GRID MODEL"
"Uttar Pradesh","Mirzapur","2019-12-16",2019,12,0.027632633,"IMD GRID MODEL"
"Uttar Pradesh","Mirzapur","2019-12-17",2019,12,0.0,"IMD GRID MODEL"
"Uttar Pradesh","Mirzapur","2019-12-18",2019,12,0.0,"IMD GRID MODEL"
"Uttar Pradesh","Mirzapur","2019-12-19",2019,12,0.0,"IMD GRID MODEL"
"Uttar Pradesh","Mirzapur","2019-12-20",2019,12,0.0,"IMD GRID MODEL"
"Uttar Pradesh","Mirzapur","2019-12-21",2019,12,0.0,"IMD GRID MODEL"
"Uttar Pradesh","Mirzapur","2019-12-22",2019,12,0.0,"IMD GRID MODEL"
"Uttar Pradesh","Mirzapur","2019-12-23",2019,12,0.0,"IMD GRID MODEL"
"Uttar Pradesh","Mirzapur","2019-12-24",2019,12,0.0,"IMD GRID MODEL"
"Uttar Pradesh","Mirzapur","2019-12-25",2019,12,0.0,"IMD GRID MODEL"
"Uttar Pradesh","Mirzapur","2019-12-26",2019,12,0.0,"IMD GRID MODEL"
"Uttar Pradesh","Mirzapur","2019-12-27",2019,12,0.0,"IMD GRID MODEL"
"Uttar Pradesh","Mirzapur","2019-12-28",2019,12,0.0,"IMD GRID MODEL"
"Uttar Pradesh","Mirzapur","2019-12-29",2019,12,0.0,"IMD GRID MODEL"
"Uttar Pradesh","Mirzapur","2019-12-30",2019,12,0.0,"IMD GRID MODEL"
"Uttar Pradesh","Mirzapur","2019-12-31",2019,12,0.0,"IMD GRID MODEL"
"Uttar Pradesh","Mirzapur","2019-02-01",2019,2,0.0,"IMD GRID MODEL"
"Uttar Pradesh","Mirzapur","2019-02-02",2019,2,0.0,"IMD GRID MODEL"
"Uttar Pradesh","Mirzapur","2019-02-03",2019,2,0.0,"IMD GRID MODEL"
"Uttar Pradesh","Mirzapur","2019-02-04",2019,2,0.0,"IMD GRID MODEL"
"Uttar Pradesh","Mirzapur","2019-02-05",2019,2,0.0,"IMD GRID MODEL"
"Uttar Pradesh","Mirzapur","2019-02-06",2019,2,0.0,"IMD GRID MODEL"
"Uttar Pradesh","Mirzapur","2019-02-07",2019,2,1.621231951,"IMD GRID MODEL"
"Uttar Pradesh","Mirzapur","2019-02-08",2019,2,6.116333716,"IMD GRID MODEL"
"Uttar Pradesh","Mirzapur","2019-02-09",2019,2,0.52568617,"IMD GRID MODEL"
"Uttar Pradesh","Mirzapur","2019-02-10",2019,2,0.0,"IMD GRID MODEL"
"Uttar Pradesh","Mirzapur","2019-02-11",2019,2,0.0,"IMD GRID MODEL"
"Uttar Pradesh","Mirzapur","2019-02-12",2019,2,0.0,"IMD GRID MODEL"
"Uttar Pradesh","Mirzapur","2019-02-13",2019,2,0.0,"IMD GRID MODEL"
"Uttar Pradesh","Mirzapur","2019-02-14",2019,2,0.0,"IMD GRID MODEL"
"Uttar Pradesh","Mirzapur","2019-02-15",2019,2,1.419389659,"IMD GRID MODEL"
"Uttar Pradesh","Mirzapur","2019-02-16",2019,2,2.004849338,"IMD GRID MODEL"
"Uttar Pradesh","Mirzapur","2019-02-17",2019,2,0.0,"IMD GRID MODEL"
"Uttar Pradesh","Mirzapur","2019-02-18",2019,2,0.0,"IMD GRID MODEL"
"Uttar Pradesh","Mirzapur","2019-02-19",2019,2,0.0,"IMD GRID MODEL"
"Uttar Pradesh","Mirzapur","2019-02-20",2019,2,0.0,"IMD GRID MODEL"
"Uttar Pradesh","Mirzapur","2019-02-21",2019,2,0.0,"IMD GRID MODEL"
"Uttar Pradesh","Mirzapur","2019-02-22",2019,2,0.122217209,"IMD GRID MODEL"
"Uttar Pradesh","Mirzapur","2019-02-23",2019,2,0.0,"IMD GRID MODEL"
"Uttar Pradesh","Mirzapur","2019-02-24",2019,2,0.0,"IMD GRID MODEL"
"Uttar Pradesh","Mirzapur","2019-02-25",2019,2,0.0,"IMD GRID MODEL"
"Uttar Pradesh","Mirzapur","2019-02-26",2019,2,0.0,"IMD GRID MODEL"
"Uttar Pradesh","Mirzapur","2019-02-27",2019,2,0.452867821,"IMD GRID MODEL"
"Uttar Pradesh","Mirzapur","2019-02-28",2019,2,0.445671076,"IMD GRID MODEL"
"Uttar Pradesh","Mirzapur","2019-01-01",2019,1,0.0,"IMD GRID MODEL"
"Uttar Pradesh","Mirzapur","2019-01-02",2019,1,0.0,"IMD GRID MODEL"
"Uttar Pradesh","Mirzapur","2019-01-03",2019,1,0.0,"IMD GRID MODEL"
"Uttar Pradesh","Mirzapur","2019-01-04",2019,1,0.0,"IMD GRID MODEL"
"Uttar Pradesh","Mirzapur","2019-01-05",2019,1,0.0,"IMD GRID MODEL"
"Uttar Pradesh","Mirzapur","2019-01-06",2019,1,0.0,"IMD GRID MODEL"
"Uttar Pradesh","Mirzapur","2019-01-07",2019,1,1.514639997,"IMD GRID MODEL"
"Uttar Pradesh","Mirzapur","2019-01-08",2019,1,0.0,"IMD GRID MODEL"
"Uttar Pradesh","Mirzapur","2019-01-09",2019,1,0.0,"IMD GRID MODEL"
"Uttar Pradesh","Mirzapur","2019-01-10",2019,1,0.0,"IMD GRID MODEL"
"Uttar Pradesh","Mirzapur","2019-01-11",2019,1,0.0,"IMD GRID MODEL"
"Uttar Pradesh","Mirzapur","2019-01-12",2019,1,0.0,"IMD GRID MODEL"
"Uttar Pradesh","Mirzapur","2019-01-13",2019,1,0.0,"IMD GRID MODEL"
"Uttar Pradesh","Mirzapur","2019-01-14",2019,1,0.022233608,"IMD GRID MODEL"
"Uttar Pradesh","Mirzapur","2019-01-15",2019,1,0.0,"IMD GRID MODEL"
"Uttar Pradesh","Mirzapur","2019-01-16",2019,1,0.0,"IMD GRID MODEL"
"Uttar Pradesh","Mirzapur","2019-01-17",2019,1,0.0,"IMD GRID MODEL"
"Uttar Pradesh","Mirzapur","2019-01-18",2019,1,0.0,"IMD GRID MODEL"
"Uttar Pradesh","Mirzapur","2019-01-19",2019,1,0.0,"IMD GRID MODEL"
"Uttar Pradesh","Mirzapur","2019-01-20",2019,1,0.0,"IMD GRID MODEL"
"Uttar Pradesh","Mirzapur","2019-01-21",2019,1,0.0,"IMD GRID MODEL"
"Uttar Pradesh","Mirzapur","2019-01-22",2019,1,0.0,"IMD GRID MODEL"
"Uttar Pradesh","Mirzapur","2019-01-23",2019,1,2.655075958,"IMD GRID MODEL"
"Uttar Pradesh","Mirzapur","2019-01-24",2019,1,2.206966298,"IMD GRID MODEL"
"Uttar Pradesh","Mirzapur","2019-01-25",2019,1,0.878027228,"IMD GRID MODEL"
"Uttar Pradesh","Mirzapur","2019-01-26",2019,1,4.279013707,"IMD GRID MODEL"
"Uttar Pradesh","Mirzapur","2019-01-27",2019,1,0.426003594,"IMD GRID MODEL"
"Uttar Pradesh","Mirzapur","2019-01-28",2019,1,0.0,"IMD GRID MODEL"
"Uttar Pradesh","Mirzapur","2019-01-29",2019,1,0.0,"IMD GRID MODEL"
"Uttar Pradesh","Mirzapur","2019-01-30",2019,1,0.0,"IMD GRID MODEL"
"Uttar Pradesh","Mirzapur","2019-01-31",2019,1,0.0,"IMD GRID MODEL"
"Uttar Pradesh","Mirzapur","2019-07-01",2019,7,0.590012053,"IMD GRID MODEL"
"Uttar Pradesh","Mirzapur","2019-07-02",2019,7,2.242967062,"IMD GRID MODEL"
"Uttar Pradesh","Mirzapur","2019-07-03",2019,7,5.958522201,"IMD GRID MODEL"
"Uttar Pradesh","Mirzapur","2019-07-04",2019,7,0.581431192,"IMD GRID MODEL"
"Uttar Pradesh","Mirzapur","2019-07-05",2019,7,0.355088512,"IMD GRID MODEL"
"Uttar Pradesh","Mirzapur","2019-07-06",2019,7,8.293908027,"IMD GRID MODEL"
"Uttar Pradesh","Mirzapur","2019-07-07",2019,7,34.9747963,"IMD GRID MODEL"
"Uttar Pradesh","Mirzapur","2019-07-08",2019,7,28.99207348,"IMD GRID MODEL"
"Uttar Pradesh","Mirzapur","2019-07-09",2019,7,57.51184222,"IMD GRID MODEL"
"Uttar Pradesh","Mirzapur","2019-07-10",2019,7,33.83265767,"IMD GRID MODEL"
"Uttar Pradesh","Mirzapur","2019-07-11",2019,7,63.5395959,"IMD GRID MODEL"
"Uttar Pradesh","Mirzapur","2019-07-12",2019,7,15.86565607,"IMD GRID MODEL"
"Uttar Pradesh","Mirzapur","2019-07-13",2019,7,0.486987878,"IMD GRID MODEL"
"Uttar Pradesh","Mirzapur","2019-07-14",2019,7,3.765677821,"IMD GRID MODEL"
"Uttar Pradesh","Mirzapur","2019-07-15",2019,7,0.0,"IMD GRID MODEL"
"Uttar Pradesh","Mirzapur","2019-07-16",2019,7,3.182682808,"IMD GRID MODEL"
"Uttar Pradesh","Mirzapur","2019-07-17",2019,7,0.194452719,"IMD GRID MODEL"
"Uttar Pradesh","Mirzapur","2019-07-18",2019,7,0.0,"IMD GRID MODEL"
"Uttar Pradesh","Mirzapur","2019-07-19",2019,7,2.692408642,"IMD GRID MODEL"
"Uttar Pradesh","Mirzapur","2019-07-20",2019,7,1.297706828,"IMD GRID MODEL"
"Uttar Pradesh","Mirzapur","2019-07-21",2019,7,0.257564205,"IMD GRID MODEL"
"Uttar Pradesh","Mirzapur","2019-07-22",2019,7,3.447407164,"IMD GRID MODEL"
"Uttar Pradesh","Mirzapur","2019-07-23",2019,7,0.500986922,"IMD GRID MODEL"
"Uttar Pradesh","Mirzapur","2019-07-24",2019,7,11.23866037,"IMD GRID MODEL"
"Uttar Pradesh","Mirzapur","2019-07-25",2019,7,33.94195601,"IMD GRID MODEL"
"Uttar Pradesh","Mirzapur","2019-07-26",2019,7,21.20964732,"IMD GRID MODEL"
"Uttar Pradesh","Mirzapur","2019-07-27",2019,7,7.897900688,"IMD GRID MODEL"
"Uttar Pradesh","Mirzapur","2019-07-28",2019,7,21.79450016,"IMD GRID MODEL"
"Uttar Pradesh","Mirzapur","2019-07-29",2019,7,12.91489068,"IMD GRID MODEL"
"Uttar Pradesh","Mirzapur","2019-07-30",2019,7,0.62991575,"IMD GRID MODEL"
"Uttar Pradesh","Mirzapur","2019-07-31",2019,7,0.11752929,"IMD GRID MODEL"
"Uttar Pradesh","Mirzapur","2019-06-01",2019,6,0.0,"IMD GRID MODEL"
"Uttar Pradesh","Mirzapur","2019-06-02",2019,6,0.0,"IMD GRID MODEL"
"Uttar Pradesh","Mirzapur","2019-06-03",2019,6,0.367784138,"IMD GRID MODEL"
"Uttar Pradesh","Mirzapur","2019-06-04",2019,6,0.0,"IMD GRID MODEL"
"Uttar Pradesh","Mirzapur","2019-06-05",2019,6,0.002395948,"IMD GRID MODEL"
"Uttar Pradesh","Mirzapur","2019-06-06",2019,6,0.0,"IMD GRID MODEL"
"Uttar Pradesh","Mirzapur","2019-06-07",2019,6,0.941419455,"IMD GRID MODEL"
"Uttar Pradesh","Mirzapur","2019-06-08",2019,6,0.0,"IMD GRID MODEL"
"Uttar Pradesh","Mirzapur","2019-06-09",2019,6,0.0,"IMD GRID MODEL"
"Uttar Pradesh","Mirzapur","2019-06-11",2019,6,0.0,"IMD GRID MODEL"
"Uttar Pradesh","Mirzapur","2019-06-10",2019,6,0.0,"IMD GRID MODEL"
"Uttar Pradesh","Mirzapur","2019-06-12",2019,6,0.0,"IMD GRID MODEL"
"Uttar Pradesh","Mirzapur","2019-06-13",2019,6,0.0,"IMD GRID MODEL"
"Uttar Pradesh","Mirzapur","2019-06-14",2019,6,0.0,"IMD GRID MODEL"
"Uttar Pradesh","Mirzapur","2019-06-15",2019,6,0.0,"IMD GRID MODEL"
"Uttar Pradesh","Mirzapur","2019-06-16",2019,6,0.0,"IMD GRID MODEL"
"Uttar Pradesh","Mirzapur","2019-06-17",2019,6,0.105073121,"IMD GRID MODEL"
"Uttar Pradesh","Mirzapur","2019-06-18",2019,6,0.030034588,"IMD GRID MODEL"
"Uttar Pradesh","Mirzapur","2019-06-19",2019,6,0.0,"IMD GRID MODEL"
"Uttar Pradesh","Mirzapur","2019-06-20",2019,6,0.802887032,"IMD GRID MODEL"
"Uttar Pradesh","Mirzapur","2019-06-21",2019,6,1.142726227,"IMD GRID MODEL"
"Uttar Pradesh","Mirzapur","2019-06-22",2019,6,2.185982181,"IMD GRID MODEL"
"Uttar Pradesh","Mirzapur","2019-06-23",2019,6,8.498934095,"IMD GRID MODEL"
"Uttar Pradesh","Mirzapur","2019-06-24",2019,6,17.52982795,"IMD GRID MODEL"
"Uttar Pradesh","Mirzapur","2019-06-25",2019,6,0.0,"IMD GRID MODEL"
"Uttar Pradesh","Mirzapur","2019-06-26",2019,6,0.0,"IMD GRID MODEL"
"Uttar Pradesh","Mirzapur","2019-06-27",2019,6,0.024560658,"IMD GRID MODEL"
"Uttar Pradesh","Mirzapur","2019-06-28",2019,6,0.010921668,"IMD GRID MODEL"
"Uttar Pradesh","Mirzapur","2019-06-29",2019,6,0.253411646,"IMD GRID MODEL"
"Uttar Pradesh","Mirzapur","2019-06-30",2019,6,0.024573753,"IMD GRID MODEL"
"Uttar Pradesh","Mirzapur","2019-03-01",2019,3,0.0,"IMD GRID MODEL"
"Uttar Pradesh","Mirzapur","2019-03-02",2019,3,0.0,"IMD GRID MODEL"
"Uttar Pradesh","Mirzapur","2019-03-03",2019,3,0.266568177,"IMD GRID MODEL"
"Uttar Pradesh","Mirzapur","2019-03-04",2019,3,2.086816938,"IMD GRID MODEL"
"Uttar Pradesh","Mirzapur","2019-03-05",2019,3,0.0,"IMD GRID MODEL"
"Uttar Pradesh","Mirzapur","2019-03-06",2019,3,0.0,"IMD GRID MODEL"
"Uttar Pradesh","Mirzapur","2019-03-07",2019,3,0.0,"IMD GRID MODEL"
"Uttar Pradesh","Mirzapur","2019-03-08",2019,3,0.0,"IMD GRID MODEL"
"Uttar Pradesh","Mirzapur","2019-03-09",2019,3,0.0,"IMD GRID MODEL"
"Uttar Pradesh","Mirzapur","2019-03-10",2019,3,0.0,"IMD GRID MODEL"
"Uttar Pradesh","Mirzapur","2019-03-11",2019,3,0.0,"IMD GRID MODEL"
"Uttar Pradesh","Mirzapur","2019-03-12",2019,3,0.0,"IMD GRID MODEL"
"Uttar Pradesh","Mirzapur","2019-03-13",2019,3,0.0,"IMD GRID MODEL"
"Uttar Pradesh","Mirzapur","2019-03-14",2019,3,0.0,"IMD GRID MODEL"
"Uttar Pradesh","Mirzapur","2019-03-15",2019,3,0.12601516,"IMD GRID MODEL"
"Uttar Pradesh","Mirzapur","2019-03-16",2019,3,0.0,"IMD GRID MODEL"
"Uttar Pradesh","Mirzapur","2019-03-17",2019,3,0.0,"IMD GRID MODEL"
"Uttar Pradesh","Mirzapur","2019-03-18",2019,3,6.269243022,"IMD GRID MODEL"
"Uttar Pradesh","Mirzapur","2019-03-19",2019,3,0.0,"IMD GRID MODEL"
"Uttar Pradesh","Mirzapur","2019-03-20",2019,3,0.0,"IMD GRID MODEL"
"Uttar Pradesh","Mirzapur","2019-03-21",2019,3,0.0,"IMD GRID MODEL"
"Uttar Pradesh","Mirzapur","2019-03-22",2019,3,0.0,"IMD GRID MODEL"
"Uttar Pradesh","Mirzapur","2019-03-23",2019,3,0.0,"IMD GRID MODEL"
"Uttar Pradesh","Mirzapur","2019-03-24",2019,3,0.0,"IMD GRID MODEL"
"Uttar Pradesh","Mirzapur","2019-03-25",2019,3,0.0,"IMD GRID MODEL"
"Uttar Pradesh","Mirzapur","2019-03-26",2019,3,2.525934963,"IMD GRID MODEL"
"Uttar Pradesh","Mirzapur","2019-03-27",2019,3,0.013633648,"IMD GRID MODEL"
"Uttar Pradesh","Mirzapur","2019-03-28",2019,3,0.0,"IMD GRID MODEL"
"Uttar Pradesh","Mirzapur","2019-03-29",2019,3,0.0,"IMD GRID MODEL"
"Uttar Pradesh","Mirzapur","2019-03-30",2019,3,0.0,"IMD GRID MODEL"
"Uttar Pradesh","Mirzapur","2019-03-31",2019,3,0.0,"IMD GRID MODEL"
"Uttar Pradesh","Mirzapur","2019-05-01",2019,5,0.0,"IMD GRID MODEL"
"Uttar Pradesh","Mirzapur","2019-05-02",2019,5,0.0,"IMD GRID MODEL"
"Uttar Pradesh","Mirzapur","2019-05-03",2019,5,0.0,"IMD GRID MODEL"
"Uttar Pradesh","Mirzapur","2019-05-04",2019,5,0.0,"IMD GRID MODEL"
"Uttar Pradesh","Mirzapur","2019-05-05",2019,5,0.0,"IMD GRID MODEL"
"Uttar Pradesh","Mirzapur","2019-05-06",2019,5,0.0,"IMD GRID MODEL"
"Uttar Pradesh","Mirzapur","2019-05-07",2019,5,0.0,"IMD GRID MODEL"
"Uttar Pradesh","Mirzapur","2019-05-08",2019,5,0.0,"IMD GRID MODEL"
"Uttar Pradesh","Mirzapur","2019-05-09",2019,5,0.0,"IMD GRID MODEL"
"Uttar Pradesh","Mirzapur","2019-05-10",2019,5,0.0,"IMD GRID MODEL"
"Uttar Pradesh","Mirzapur","2019-05-11",2019,5,0.0,"IMD GRID MODEL"
"Uttar Pradesh","Mirzapur","2019-05-12",2019,5,0.0,"IMD GRID MODEL"
"Uttar Pradesh","Mirzapur","2019-05-13",2019,5,0.0,"IMD GRID MODEL"
"Uttar Pradesh","Mirzapur","2019-05-14",2019,5,0.0,"IMD GRID MODEL"
"Uttar Pradesh","Mirzapur","2019-05-15",2019,5,0.0,"IMD GRID MODEL"
"Uttar Pradesh","Mirzapur","2019-05-16",2019,5,0.0,"IMD GRID MODEL"
"Uttar Pradesh","Mirzapur","2019-05-17",2019,5,0.0,"IMD GRID MODEL"
"Uttar Pradesh","Mirzapur","2019-05-18",2019,5,0.0,"IMD GRID MODEL"
"Uttar Pradesh","Mirzapur","2019-05-19",2019,5,0.0,"IMD GRID MODEL"
"Uttar Pradesh","Mirzapur","2019-05-20",2019,5,0.0,"IMD GRID MODEL"
"Uttar Pradesh","Mirzapur","2019-05-21",2019,5,0.0,"IMD GRID MODEL"
"Uttar Pradesh","Mirzapur","2019-05-22",2019,5,0.0,"IMD GRID MODEL"
"Uttar Pradesh","Mirzapur","2019-05-23",2019,5,0.0,"IMD GRID MODEL"
"Uttar Pradesh","Mirzapur","2019-05-24",2019,5,0.0,"IMD GRID MODEL"
"Uttar Pradesh","Mirzapur","2019-05-25",2019,5,0.059311438,"IMD GRID MODEL"
"Uttar Pradesh","Mirzapur","2019-05-26",2019,5,0.0,"IMD GRID MODEL"
"Uttar Pradesh","Mirzapur","2019-05-27",2019,5,0.0,"IMD GRID MODEL"
"Uttar Pradesh","Mirzapur","2019-05-28",2019,5,0.0,"IMD GRID MODEL"
"Uttar Pradesh","Mirzapur","2019-05-29",2019,5,0.0,"IMD GRID MODEL"
"Uttar Pradesh","Mirzapur","2019-05-30",2019,5,0.0,"IMD GRID MODEL"
"Uttar Pradesh","Mirzapur","2019-05-31",2019,5,0.0,"IMD GRID MODEL"
"Uttar Pradesh","Mirzapur","2019-11-02",2019,11,0.0,"IMD GRID MODEL"
"Uttar Pradesh","Mirzapur","2019-11-03",2019,11,0.0,"IMD GRID MODEL"
"Uttar Pradesh","Mirzapur","2019-11-01",2019,11,0.0,"IMD GRID MODEL"
"Uttar Pradesh","Mirzapur","2019-11-04",2019,11,0.0,"IMD GRID MODEL"
"Uttar Pradesh","Mirzapur","2019-11-05",2019,11,0.0,"IMD GRID MODEL"
"Uttar Pradesh","Mirzapur","2019-11-06",2019,11,0.0,"IMD GRID MODEL"
"Uttar Pradesh","Mirzapur","2019-11-07",2019,11,0.0,"IMD GRID MODEL"
"Uttar Pradesh","Mirzapur","2019-11-08",2019,11,0.0,"IMD GRID MODEL"
"Uttar Pradesh","Mirzapur","2019-11-09",2019,11,0.0,"IMD GRID MODEL"
"Uttar Pradesh","Mirzapur","2019-11-10",2019,11,0.0,"IMD GRID MODEL"
"Uttar Pradesh","Mirzapur","2019-11-11",2019,11,0.0,"IMD GRID MODEL"
"Uttar Pradesh","Mirzapur","2019-11-12",2019,11,0.0,"IMD GRID MODEL"
"Uttar Pradesh","Mirzapur","2019-11-13",2019,11,0.0,"IMD GRID MODEL"
"Uttar Pradesh","Mirzapur","2019-11-14",2019,11,0.0,"IMD GRID MODEL"
"Uttar Pradesh","Mirzapur","2019-11-15",2019,11,0.0,"IMD GRID MODEL"
"Uttar Pradesh","Mirzapur","2019-11-16",2019,11,0.0,"IMD GRID MODEL"
"Uttar Pradesh","Mirzapur","2019-11-17",2019,11,0.0,"IMD GRID MODEL"
"Uttar Pradesh","Mirzapur","2019-11-18",2019,11,0.0,"IMD GRID MODEL"
"Uttar Pradesh","Mirzapur","2019-11-19",2019,11,0.0,"IMD GRID MODEL"
"Uttar Pradesh","Mirzapur","2019-11-20",2019,11,0.0,"IMD GRID MODEL"
"Uttar Pradesh","Mirzapur","2019-11-21",2019,11,0.0,"IMD GRID MODEL"
"Uttar Pradesh","Mirzapur","2019-11-22",2019,11,0.0,"IMD GRID MODEL"
"Uttar Pradesh","Mirzapur","2019-11-23",2019,11,0.0,"IMD GRID MODEL"
"Uttar Pradesh","Mirzapur","2019-11-24",2019,11,0.0,"IMD GRID MODEL"
"Uttar Pradesh","Mirzapur","2019-11-25",2019,11,0.0,"IMD GRID MODEL"
"Uttar Pradesh","Mirzapur","2019-11-26",2019,11,0.0,"IMD GRID MODEL"
"Uttar Pradesh","Mirzapur","2019-11-27",2019,11,0.0,"IMD GRID MODEL"
"Uttar Pradesh","Mirzapur","2019-11-28",2019,11,0.0,"IMD GRID MODEL"
"Uttar Pradesh","Mirzapur","2019-11-29",2019,11,0.0,"IMD GRID MODEL"
"Uttar Pradesh","Mirzapur","2019-11-30",2019,11,0.0,"IMD GRID MODEL"
"Uttar Pradesh","Mirzapur","2019-10-01",2019,10,2.9188305,"IMD GRID MODEL"
"Uttar Pradesh","Mirzapur","2019-10-02",2019,10,1.296200389,"IMD GRID MODEL"
"Uttar Pradesh","Mirzapur","2019-10-03",2019,10,29.34744427,"IMD GRID MODEL"
"Uttar Pradesh","Mirzapur","2019-10-04",2019,10,7.441114994,"IMD GRID MODEL"
"Uttar Pradesh","Mirzapur","2019-10-05",2019,10,1.675725123,"IMD GRID MODEL"
"Uttar Pradesh","Mirzapur","2019-10-06",2019,10,0.0,"IMD GRID MODEL"
"Uttar Pradesh","Mirzapur","2019-10-07",2019,10,0.0,"IMD GRID MODEL"
"Uttar Pradesh","Mirzapur","2019-10-08",2019,10,0.0,"IMD GRID MODEL"
"Uttar Pradesh","Mirzapur","2019-10-09",2019,10,0.0,"IMD GRID MODEL"
"Uttar Pradesh","Mirzapur","2019-10-10",2019,10,0.0,"IMD GRID MODEL"
"Uttar Pradesh","Mirzapur","2019-10-11",2019,10,0.0,"IMD GRID MODEL"
"Uttar Pradesh","Mirzapur","2019-10-12",2019,10,0.0,"IMD GRID MODEL"
"Uttar Pradesh","Mirzapur","2019-10-13",2019,10,0.0,"IMD GRID MODEL"
"Uttar Pradesh","Mirzapur","2019-10-14",2019,10,0.0,"IMD GRID MODEL"
"Uttar Pradesh","Mirzapur","2019-10-15",2019,10,0.0,"IMD GRID MODEL"
"Uttar Pradesh","Mirzapur","2019-10-16",2019,10,0.0,"IMD GRID MODEL"
"Uttar Pradesh","Mirzapur","2019-10-17",2019,10,0.0,"IMD GRID MODEL"
"Uttar Pradesh","Mirzapur","2019-10-18",2019,10,0.0,"IMD GRID MODEL"
"Uttar Pradesh","Mirzapur","2019-10-19",2019,10,0.0,"IMD GRID MODEL"
"Uttar Pradesh","Mirzapur","2019-10-20",2019,10,11.50727511,"IMD GRID MODEL"
"Uttar Pradesh","Mirzapur","2019-10-21",2019,10,0.006921223,"IMD GRID MODEL"
"Uttar Pradesh","Mirzapur","2019-10-22",2019,10,0.0,"IMD GRID MODEL"
"Uttar Pradesh","Mirzapur","2019-10-23",2019,10,0.0,"IMD GRID MODEL"
"Uttar Pradesh","Mirzapur","2019-10-24",2019,10,0.0,"IMD GRID MODEL"
"Uttar Pradesh","Mirzapur","2019-10-25",2019,10,0.0,"IMD GRID MODEL"
"Uttar Pradesh","Mirzapur","2019-10-26",2019,10,0.0,"IMD GRID MODEL"
"Uttar Pradesh","Mirzapur","2019-10-27",2019,10,0.0,"IMD GRID MODEL"
"Uttar Pradesh","Mirzapur","2019-10-28",2019,10,0.0,"IMD GRID MODEL"
"Uttar Pradesh","Mirzapur","2019-10-29",2019,10,0.0,"IMD GRID MODEL"
"Uttar Pradesh","Mirzapur","2019-10-30",2019,10,0.0,"IMD GRID MODEL"
"Uttar Pradesh","Mirzapur","2019-10-31",2019,10,0.0,"IMD GRID MODEL"
"Uttar Pradesh","Mirzapur","2019-09-01",2019,9,0.0,"IMD GRID MODEL"
"Uttar Pradesh","Mirzapur","2019-09-02",2019,9,0.0,"IMD GRID MODEL"
"Uttar Pradesh","Mirzapur","2019-09-03",2019,9,5.296651781,"IMD GRID MODEL"
"Uttar Pradesh","Mirzapur","2019-09-04",2019,9,11.16297242,"IMD GRID MODEL"
"Uttar Pradesh","Mirzapur","2019-09-05",2019,9,0.000650485,"IMD GRID MODEL"
"Uttar Pradesh","Mirzapur","2019-09-06",2019,9,0.0,"IMD GRID MODEL"
"Uttar Pradesh","Mirzapur","2019-09-07",2019,9,0.0,"IMD GRID MODEL"
"Uttar Pradesh","Mirzapur","2019-09-08",2019,9,0.399177181,"IMD GRID MODEL"
"Uttar Pradesh","Mirzapur","2019-09-09",2019,9,0.153858806,"IMD GRID MODEL"
"Uttar Pradesh","Mirzapur","2019-09-10",2019,9,0.987894011,"IMD GRID MODEL"
"Uttar Pradesh","Mirzapur","2019-09-11",2019,9,1.067929517,"IMD GRID MODEL"
"Uttar Pradesh","Mirzapur","2019-09-12",2019,9,23.31761556,"IMD GRID MODEL"
"Uttar Pradesh","Mirzapur","2019-09-13",2019,9,47.13009877,"IMD GRID MODEL"
"Uttar Pradesh","Mirzapur","2019-09-14",2019,9,16.62802634,"IMD GRID MODEL"
"Uttar Pradesh","Mirzapur","2019-09-15",2019,9,1.876444595,"IMD GRID MODEL"
"Uttar Pradesh","Mirzapur","2019-09-16",2019,9,5.176356023,"IMD GRID MODEL"
"Uttar Pradesh","Mirzapur","2019-09-17",2019,9,3.695673342,"IMD GRID MODEL"
"Uttar Pradesh","Mirzapur","2019-09-18",2019,9,23.6608074,"IMD GRID MODEL"
"Uttar Pradesh","Mirzapur","2019-09-19",2019,9,16.02150021,"IMD GRID MODEL"
"Uttar Pradesh","Mirzapur","2019-09-20",2019,9,6.244731506,"IMD GRID MODEL"
"Uttar Pradesh","Mirzapur","2019-09-21",2019,9,2.569470051,"IMD GRID MODEL"
"Uttar Pradesh","Mirzapur","2019-09-22",2019,9,11.7822123,"IMD GRID MODEL"
"Uttar Pradesh","Mirzapur","2019-09-23",2019,9,15.8830435,"IMD GRID MODEL"
"Uttar Pradesh","Mirzapur","2019-09-24",2019,9,7.016759412,"IMD GRID MODEL"
"Uttar Pradesh","Mirzapur","2019-09-25",2019,9,6.166365583,"IMD GRID MODEL"
"Uttar Pradesh","Mirzapur","2019-09-26",2019,9,6.004381116,"IMD GRID MODEL"
"Uttar Pradesh","Mirzapur","2019-09-27",2019,9,74.81827477,"IMD GRID MODEL"
"Uttar Pradesh","Mirzapur","2019-09-28",2019,9,77.97141777,"IMD GRID MODEL"
"Uttar Pradesh","Mirzapur","2019-09-29",2019,9,95.97479805,"IMD GRID MODEL"
"Uttar Pradesh","Mirzapur","2019-09-30",2019,9,14.21470573,"IMD GRID MODEL"
"Uttar Pradesh","Mirzapur","2020-04-01",2020,4,0.0,"IMD GRID MODEL"
"Uttar Pradesh","Mirzapur","2020-04-02",2020,4,0.0,"IMD GRID MODEL"
"Uttar Pradesh","Mirzapur","2020-04-03",2020,4,0.0,"IMD GRID MODEL"
"Uttar Pradesh","Mirzapur","2020-04-04",2020,4,0.0,"IMD GRID MODEL"
"Uttar Pradesh","Mirzapur","2020-04-05",2020,4,0.0,"IMD GRID MODEL"
"Uttar Pradesh","Mirzapur","2020-04-06",2020,4,0.0,"IMD GRID MODEL"
"Uttar Pradesh","Mirzapur","2020-04-07",2020,4,0.0,"IMD GRID MODEL"
"Uttar Pradesh","Mirzapur","2020-04-08",2020,4,0.0,"IMD GRID MODEL"
"Uttar Pradesh","Mirzapur","2020-04-09",2020,4,0.0,"IMD GRID MODEL"
"Uttar Pradesh","Mirzapur","2020-04-10",2020,4,0.0,"IMD GRID MODEL"
"Uttar Pradesh","Mirzapur","2020-04-11",2020,4,0.0,"IMD GRID MODEL"
"Uttar Pradesh","Mirzapur","2020-04-12",2020,4,0.0,"IMD GRID MODEL"
"Uttar Pradesh","Mirzapur","2020-04-13",2020,4,0.0,"IMD GRID MODEL"
"Uttar Pradesh","Mirzapur","2020-04-14",2020,4,0.0,"IMD GRID MODEL"
"Uttar Pradesh","Mirzapur","2020-04-15",2020,4,0.0,"IMD GRID MODEL"
"Uttar Pradesh","Mirzapur","2020-04-16",2020,4,0.0,"IMD GRID MODEL"
"Uttar Pradesh","Mirzapur","2020-04-17",2020,4,0.0,"IMD GRID MODEL"
"Uttar Pradesh","Mirzapur","2020-04-18",2020,4,0.581840324,"IMD GRID MODEL"
"Uttar Pradesh","Mirzapur","2020-04-19",2020,4,0.438494458,"IMD GRID MODEL"
"Uttar Pradesh","Mirzapur","2020-04-20",2020,4,0.018265125,"IMD GRID MODEL"
"Uttar Pradesh","Mirzapur","2020-04-21",2020,4,0.0,"IMD GRID MODEL"
"Uttar Pradesh","Mirzapur","2020-04-22",2020,4,0.0,"IMD GRID MODEL"
"Uttar Pradesh","Mirzapur","2020-04-23",2020,4,0.0,"IMD GRID MODEL"
"Uttar Pradesh","Mirzapur","2020-04-24",2020,4,0.0,"IMD GRID MODEL"
"Uttar Pradesh","Mirzapur","2020-04-25",2020,4,0.013396994,"IMD GRID MODEL"
"Uttar Pradesh","Mirzapur","2020-04-26",2020,4,1.349370902,"IMD GRID MODEL"
"Uttar Pradesh","Mirzapur","2020-04-27",2020,4,12.56707787,"IMD GRID MODEL"
"Uttar Pradesh","Mirzapur","2020-04-28",2020,4,0.535126829,"IMD GRID MODEL"
"Uttar Pradesh","Mirzapur","2020-04-29",2020,4,0.556804304,"IMD GRID MODEL"
"Uttar Pradesh","Mirzapur","2020-04-30",2020,4,0.0,"IMD GRID MODEL"
"Uttar Pradesh","Mirzapur","2020-08-01",2020,8,0.0,"IMD GRID MODEL"
"Uttar Pradesh","Mirzapur","2020-08-02",2020,8,0.0,"IMD GRID MODEL"
"Uttar Pradesh","Mirzapur","2020-08-03",2020,8,0.0,"IMD GRID MODEL"
"Uttar Pradesh","Mirzapur","2020-08-04",2020,8,0.321076112,"IMD GRID MODEL"
"Uttar Pradesh","Mirzapur","2020-08-05",2020,8,5.154280504,"IMD GRID MODEL"
"Uttar Pradesh","Mirzapur","2020-08-06",2020,8,0.0,"IMD GRID MODEL"
"Uttar Pradesh","Mirzapur","2020-08-07",2020,8,0.0,"IMD GRID MODEL"
"Uttar Pradesh","Mirzapur","2020-08-08",2020,8,0.0,"IMD GRID MODEL"
"Uttar Pradesh","Mirzapur","2020-08-09",2020,8,0.0,"IMD GRID MODEL"
"Uttar Pradesh","Mirzapur","2020-08-10",2020,8,0.0,"IMD GRID MODEL"
"Uttar Pradesh","Mirzapur","2020-08-11",2020,8,0.0,"IMD GRID MODEL"
"Uttar Pradesh","Mirzapur","2020-08-12",2020,8,3.781951084,"IMD GRID MODEL"
"Uttar Pradesh","Mirzapur","2020-08-13",2020,8,9.727391793,"IMD GRID MODEL"
"Uttar Pradesh","Mirzapur","2020-08-14",2020,8,0.078365621,"IMD GRID MODEL"
"Uttar Pradesh","Mirzapur","2020-08-15",2020,8,0.0,"IMD GRID MODEL"
"Uttar Pradesh","Mirzapur","2020-08-16",2020,8,0.0,"IMD GRID MODEL"
"Uttar Pradesh","Mirzapur","2020-08-17",2020,8,0.0,"IMD GRID MODEL"
"Uttar Pradesh","Mirzapur","2020-08-18",2020,8,0.0,"IMD GRID MODEL"
"Uttar Pradesh","Mirzapur","2020-08-20",2020,8,0.0,"IMD GRID MODEL"
"Uttar Pradesh","Mirzapur","2020-08-19",2020,8,0.0,"IMD GRID MODEL"
"Uttar Pradesh","Mirzapur","2020-08-21",2020,8,0.0,"IMD GRID MODEL"
"Uttar Pradesh","Mirzapur","2020-08-23",2020,8,0.0,"IMD GRID MODEL"
"Uttar Pradesh","Mirzapur","2020-08-22",2020,8,0.0,"IMD GRID MODEL"
"Uttar Pradesh","Mirzapur","2020-08-24",2020,8,0.010921668,"IMD GRID MODEL"
"Uttar Pradesh","Mirzapur","2020-08-25",2020,8,0.0,"IMD GRID MODEL"
"Uttar Pradesh","Mirzapur","2020-08-26",2020,8,0.219225305,"IMD GRID MODEL"
"Uttar Pradesh","Mirzapur","2020-08-27",2020,8,0.0,"IMD GRID MODEL"
"Uttar Pradesh","Mirzapur","2020-08-28",2020,8,0.0,"IMD GRID MODEL"
"Uttar Pradesh","Mirzapur","2020-08-29",2020,8,0.0,"IMD GRID MODEL"
"Uttar Pradesh","Mirzapur","2020-08-30",2020,8,0.0,"IMD GRID MODEL"
"Uttar Pradesh","Mirzapur","2020-08-31",2020,8,0.0,"IMD GRID MODEL"
"Uttar Pradesh","Mirzapur","2020-12-01",2020,12,0.0,"IMD GRID MODEL"
"Uttar Pradesh","Mirzapur","2020-12-02",2020,12,0.0,"IMD GRID MODEL"
"Uttar Pradesh","Mirzapur","2020-12-03",2020,12,0.008191251,"IMD GRID MODEL"
"Uttar Pradesh","Mirzapur","2020-12-04",2020,12,0.0,"IMD GRID MODEL"
"Uttar Pradesh","Mirzapur","2020-12-05",2020,12,0.0,"IMD GRID MODEL"
"Uttar Pradesh","Mirzapur","2020-12-06",2020,12,0.0,"IMD GRID MODEL"
"Uttar Pradesh","Mirzapur","2020-12-07",2020,12,0.0,"IMD GRID MODEL"
"Uttar Pradesh","Mirzapur","2020-12-08",2020,12,0.0,"IMD GRID MODEL"
"Uttar Pradesh","Mirzapur","2020-12-09",2020,12,0.0,"IMD GRID MODEL"
"Uttar Pradesh","Mirzapur","2020-12-10",2020,12,0.0,"IMD GRID MODEL"
"Uttar Pradesh","Mirzapur","2020-12-11",2020,12,0.0,"IMD GRID MODEL"
"Uttar Pradesh","Mirzapur","2020-12-12",2020,12,0.0,"IMD GRID MODEL"
"Uttar Pradesh","Mirzapur","2020-12-13",2020,12,0.0,"IMD GRID MODEL"
"Uttar Pradesh","Mirzapur","2020-12-14",2020,12,0.0,"IMD GRID MODEL"
"Uttar Pradesh","Mirzapur","2020-12-15",2020,12,0.0,"IMD GRID MODEL"
"Uttar Pradesh","Mirzapur","2020-12-16",2020,12,0.0,"IMD GRID MODEL"
"Uttar Pradesh","Mirzapur","2020-12-17",2020,12,0.0,"IMD GRID MODEL"
"Uttar Pradesh","Mirzapur","2020-12-18",2020,12,0.0,"IMD GRID MODEL"
"Uttar Pradesh","Mirzapur","2020-12-19",2020,12,0.0,"IMD GRID MODEL"
"Uttar Pradesh","Mirzapur","2020-12-20",2020,12,4.760851001,"IMD GRID MODEL"
"Uttar Pradesh","Mirzapur","2020-12-21",2020,12,0.675532135,"IMD GRID MODEL"
"Uttar Pradesh","Mirzapur","2020-12-22",2020,12,0.010514841,"IMD GRID MODEL"
"Uttar Pradesh","Mirzapur","2020-12-23",2020,12,2.118716376,"IMD GRID MODEL"
"Uttar Pradesh","Mirzapur","2020-12-24",2020,12,0.60847847,"IMD GRID MODEL"
"Uttar Pradesh","Mirzapur","2020-12-25",2020,12,0.0,"IMD GRID MODEL"
"Uttar Pradesh","Mirzapur","2020-12-26",2020,12,0.0,"IMD GRID MODEL"
"Uttar Pradesh","Mirzapur","2020-12-27",2020,12,0.0,"IMD GRID MODEL"
"Uttar Pradesh","Mirzapur","2020-12-28",2020,12,0.0,"IMD GRID MODEL"
"Uttar Pradesh","Mirzapur","2020-12-29",2020,12,0.016382503,"IMD GRID MODEL"
"Uttar Pradesh","Mirzapur","2020-12-30",2020,12,0.0,"IMD GRID MODEL"
"Uttar Pradesh","Mirzapur","2020-12-31",2020,12,0.043686673,"IMD GRID MODEL"
"Uttar Pradesh","Mirzapur","2020-02-01",2020,2,0.0,"IMD GRID MODEL"
"Uttar Pradesh","Mirzapur","2020-02-02",2020,2,0.0,"IMD GRID MODEL"
"Uttar Pradesh","Mirzapur","2020-02-03",2020,2,0.0,"IMD GRID MODEL"
"Uttar Pradesh","Mirzapur","2020-02-04",2020,2,0.0,"IMD GRID MODEL"
"Uttar Pradesh","Mirzapur","2020-02-05",2020,2,0.008191251,"IMD GRID MODEL"
"Uttar Pradesh","Mirzapur","2020-02-06",2020,2,0.0,"IMD GRID MODEL"
"Uttar Pradesh","Mirzapur","2020-02-07",2020,2,0.0,"IMD GRID MODEL"
"Uttar Pradesh","Mirzapur","2020-02-08",2020,2,0.0,"IMD GRID MODEL"
"Uttar Pradesh","Mirzapur","2020-02-09",2020,2,0.0,"IMD GRID MODEL"
"Uttar Pradesh","Mirzapur","2020-02-10",2020,2,0.0,"IMD GRID MODEL"
"Uttar Pradesh","Mirzapur","2020-02-11",2020,2,0.0,"IMD GRID MODEL"
"Uttar Pradesh","Mirzapur","2020-02-12",2020,2,0.0,"IMD GRID MODEL"
"Uttar Pradesh","Mirzapur","2020-02-13",2020,2,0.0,"IMD GRID MODEL"
"Uttar Pradesh","Mirzapur","2020-02-14",2020,2,0.0,"IMD GRID MODEL"
"Uttar Pradesh","Mirzapur","2020-02-15",2020,2,0.0,"IMD GRID MODEL"
"Uttar Pradesh","Mirzapur","2020-02-16",2020,2,0.0,"IMD GRID MODEL"
"Uttar Pradesh","Mirzapur","2020-02-17",2020,2,0.0,"IMD GRID MODEL"
"Uttar Pradesh","Mirzapur","2020-02-18",2020,2,0.0,"IMD GRID MODEL"
"Uttar Pradesh","Mirzapur","2020-02-19",2020,2,0.0,"IMD GRID MODEL"
"Uttar Pradesh","Mirzapur","2020-02-20",2020,2,0.0,"IMD GRID MODEL"
"Uttar Pradesh","Mirzapur","2020-02-21",2020,2,0.0,"IMD GRID MODEL"
"Uttar Pradesh","Mirzapur","2020-02-22",2020,2,4.760851001,"IMD GRID MODEL"
"Uttar Pradesh","Mirzapur","2020-02-23",2020,2,0.675532135,"IMD GRID MODEL"
"Uttar Pradesh","Mirzapur","2020-02-24",2020,2,0.010514841,"IMD GRID MODEL"
"Uttar Pradesh","Mirzapur","2020-02-25",2020,2,2.118716376,"IMD GRID MODEL"
"Uttar Pradesh","Mirzapur","2020-02-26",2020,2,0.60847847,"IMD GRID MODEL"
"Uttar Pradesh","Mirzapur","2020-02-27",2020,2,0.0,"IMD GRID MODEL"
"Uttar Pradesh","Mirzapur","2020-02-28",2020,2,0.0,"IMD GRID MODEL"
"Uttar Pradesh","Mirzapur","2020-02-29",2020,2,0.0,"IMD GRID MODEL"
"Uttar Pradesh","Mirzapur","2020-01-01",2020,1,0.038225838,"IMD GRID MODEL"
"Uttar Pradesh","Mirzapur","2020-01-02",2020,1,0.0,"IMD GRID MODEL"
"Uttar Pradesh","Mirzapur","2020-01-03",2020,1,4.682076284,"IMD GRID MODEL"
"Uttar Pradesh","Mirzapur","2020-01-04",2020,1,0.0,"IMD GRID MODEL"
"Uttar Pradesh","Mirzapur","2020-01-05",2020,1,0.0,"IMD GRID MODEL"
"Uttar Pradesh","Mirzapur","2020-01-06",2020,1,0.0,"IMD GRID MODEL"
"Uttar Pradesh","Mirzapur","2020-01-07",2020,1,0.0,"IMD GRID MODEL"
"Uttar Pradesh","Mirzapur","2020-01-08",2020,1,0.321076112,"IMD GRID MODEL"
"Uttar Pradesh","Mirzapur","2020-01-09",2020,1,5.154280504,"IMD GRID MODEL"
"Uttar Pradesh","Mirzapur","2020-01-10",2020,1,0.0,"IMD GRID MODEL"
"Uttar Pradesh","Mirzapur","2020-01-11",2020,1,0.0,"IMD GRID MODEL"
"Uttar Pradesh","Mirzapur","2020-01-12",2020,1,0.0,"IMD GRID MODEL"
"Uttar Pradesh","Mirzapur","2020-01-13",2020,1,0.0,"IMD GRID MODEL"
"Uttar Pradesh","Mirzapur","2020-01-14",2020,1,0.0,"IMD GRID MODEL"
"Uttar Pradesh","Mirzapur","2020-01-15",2020,1,0.0,"IMD GRID MODEL"
"Uttar Pradesh","Mirzapur","2020-01-16",2020,1,3.781951084,"IMD GRID MODEL"
"Uttar Pradesh","Mirzapur","2020-01-17",2020,1,9.727391793,"IMD GRID MODEL"
"Uttar Pradesh","Mirzapur","2020-01-18",2020,1,0.078365621,"IMD GRID MODEL"
"Uttar Pradesh","Mirzapur","2020-01-19",2020,1,0.0,"IMD GRID MODEL"
"Uttar Pradesh","Mirzapur","2020-01-20",2020,1,0.0,"IMD GRID MODEL"
"Uttar Pradesh","Mirzapur","2020-01-21",2020,1,0.0,"IMD GRID MODEL"
"Uttar Pradesh","Mirzapur","2020-01-22",2020,1,0.0,"IMD GRID MODEL"
"Uttar Pradesh","Mirzapur","2020-01-23",2020,1,0.0,"IMD GRID MODEL"
"Uttar Pradesh","Mirzapur","2020-01-24",2020,1,0.0,"IMD GRID MODEL"
"Uttar Pradesh","Mirzapur","2020-01-25",2020,1,0.0,"IMD GRID MODEL"
"Uttar Pradesh","Mirzapur","2020-01-26",2020,1,0.0,"IMD GRID MODEL"
"Uttar Pradesh","Mirzapur","2020-01-27",2020,1,0.0,"IMD GRID MODEL"
"Uttar Pradesh","Mirzapur","2020-01-28",2020,1,0.010921668,"IMD GRID MODEL"
"Uttar Pradesh","Mirzapur","2020-01-29",2020,1,0.0,"IMD GRID MODEL"
"Uttar Pradesh","Mirzapur","2020-01-30",2020,1,0.219225305,"IMD GRID MODEL"
"Uttar Pradesh","Mirzapur","2020-01-31",2020,1,0.0,"IMD GRID MODEL"
"Uttar Pradesh","Mirzapur","2020-07-01",2020,7,0.432155577,"NRSC VIC MODEL"
"Uttar Pradesh","Mirzapur","2020-07-02",2020,7,20.80511287,"NRSC VIC MODEL"
"Uttar Pradesh","Mirzapur","2020-07-03",2020,7,22.26833683,"NRSC VIC MODEL"
"Uttar Pradesh","Mirzapur","2020-07-04",2020,7,63.68819454,"NRSC VIC MODEL"
"Uttar Pradesh","Mirzapur","2020-07-05",2020,7,17.36005039,"NRSC VIC MODEL"
"Uttar Pradesh","Mirzapur","2020-07-06",2020,7,46.4850493,"NRSC VIC MODEL"
"Uttar Pradesh","Mirzapur","2020-07-07",2020,7,19.58278368,"NRSC VIC MODEL"
"Uttar Pradesh","Mirzapur","2020-07-08",2020,7,13.19046106,"NRSC VIC MODEL"
"Uttar Pradesh","Mirzapur","2020-07-09",2020,7,16.10146604,"NRSC VIC MODEL"
"Uttar Pradesh","Mirzapur","2020-07-10",2020,7,16.20937039,"NRSC VIC MODEL"
"Uttar Pradesh","Mirzapur","2020-07-11",2020,7,6.374309013,"NRSC VIC MODEL"
"Uttar Pradesh","Mirzapur","2020-07-12",2020,7,4.561437482,"NRSC VIC MODEL"
"Uttar Pradesh","Mirzapur","2020-07-13",2020,7,27.30685943,"NRSC VIC MODEL"
"Uttar Pradesh","Mirzapur","2020-07-14",2020,7,19.57264034,"NRSC VIC MODEL"
"Uttar Pradesh","Mirzapur","2020-07-15",2020,7,1.008166732,"NRSC VIC MODEL"
"Uttar Pradesh","Mirzapur","2020-07-16",2020,7,0.007420719,"NRSC VIC MODEL"
"Uttar Pradesh","Mirzapur","2020-07-17",2020,7,3.396162984,"NRSC VIC MODEL"
"Uttar Pradesh","Mirzapur","2020-07-18",2020,7,14.89830282,"NRSC VIC MODEL"
"Uttar Pradesh","Mirzapur","2020-07-19",2020,7,27.35788004,"NRSC VIC MODEL"
"Uttar Pradesh","Mirzapur","2020-07-20",2020,7,39.55984688,"NRSC VIC MODEL"
"Uttar Pradesh","Mirzapur","2020-07-21",2020,7,9.750546226,"NRSC VIC MODEL"
"Uttar Pradesh","Mirzapur","2020-07-22",2020,7,8.679600971,"NRSC VIC MODEL"
"Uttar Pradesh","Mirzapur","2020-07-23",2020,7,8.016662298,"NRSC VIC MODEL"
"Uttar Pradesh","Mirzapur","2020-07-24",2020,7,16.56415927,"NRSC VIC MODEL"
"Uttar Pradesh","Mirzapur","2020-07-25",2020,7,1.052108533,"NRSC VIC MODEL"
"Uttar Pradesh","Mirzapur","2020-07-26",2020,7,0.009750774,"NRSC VIC MODEL"
"Uttar Pradesh","Mirzapur","2020-07-27",2020,7,21.28248924,"NRSC VIC MODEL"
"Uttar Pradesh","Mirzapur","2020-07-28",2020,7,29.43007151,"NRSC VIC MODEL"
"Uttar Pradesh","Mirzapur","2020-07-29",2020,7,16.34655872,"NRSC VIC MODEL"
"Uttar Pradesh","Mirzapur","2020-07-30",2020,7,6.129912823,"NRSC VIC MODEL"
"Uttar Pradesh","Mirzapur","2020-07-31",2020,7,25.35419093,"NRSC VIC MODEL"
"Uttar Pradesh","Mirzapur","2020-06-01",2020,6,2.171401221,"IMD GRID MODEL"
"Uttar Pradesh","Mirzapur","2020-06-02",2020,6,1.177248398,"IMD GRID MODEL"
"Uttar Pradesh","Mirzapur","2020-06-03",2020,6,0.0,"IMD GRID MODEL"
"Uttar Pradesh","Mirzapur","2020-06-04",2020,6,0.05348126,"IMD GRID MODEL"
"Uttar Pradesh","Mirzapur","2020-06-05",2020,6,66.62715051,"IMD GRID MODEL"
"Uttar Pradesh","Mirzapur","2020-06-06",2020,6,0.157771921,"IMD GRID MODEL"
"Uttar Pradesh","Mirzapur","2020-06-07",2020,6,0.0,"IMD GRID MODEL"
"Uttar Pradesh","Mirzapur","2020-06-08",2020,6,0.105026166,"IMD GRID MODEL"
"Uttar Pradesh","Mirzapur","2020-06-09",2020,6,0.0,"IMD GRID MODEL"
"Uttar Pradesh","Mirzapur","2020-06-10",2020,6,0.0,"IMD GRID MODEL"
"Uttar Pradesh","Mirzapur","2020-06-11",2020,6,0.048164247,"IMD GRID MODEL"
"Uttar Pradesh","Mirzapur","2020-06-12",2020,6,0.187279249,"IMD GRID MODEL"
"Uttar Pradesh","Mirzapur","2020-06-13",2020,6,0.0,"IMD GRID MODEL"
"Uttar Pradesh","Mirzapur","2020-06-14",2020,6,0.0,"IMD GRID MODEL"
"Uttar Pradesh","Mirzapur","2020-06-15",2020,6,4.804453624,"IMD GRID MODEL"
"Uttar Pradesh","Mirzapur","2020-06-16",2020,6,5.874021556,"IMD GRID MODEL"
"Uttar Pradesh","Mirzapur","2020-06-17",2020,6,10.98601209,"IMD GRID MODEL"
"Uttar Pradesh","Mirzapur","2020-06-18",2020,6,10.14239793,"IMD GRID MODEL"
"Uttar Pradesh","Mirzapur","2020-06-19",2020,6,25.10776123,"IMD GRID MODEL"
"Uttar Pradesh","Mirzapur","2020-06-20",2020,6,17.59881075,"IMD GRID MODEL"
"Uttar Pradesh","Mirzapur","2020-06-21",2020,6,33.11065301,"IMD GRID MODEL"
"Uttar Pradesh","Mirzapur","2020-06-22",2020,6,6.004018918,"IMD GRID MODEL"
"Uttar Pradesh","Mirzapur","2020-06-23",2020,6,12.63728784,"IMD GRID MODEL"
"Uttar Pradesh","Mirzapur","2020-06-24",2020,6,7.005495548,"IMD GRID MODEL"
"Uttar Pradesh","Mirzapur","2020-06-25",2020,6,2.570448312,"IMD GRID MODEL"
"Uttar Pradesh","Mirzapur","2020-06-26",2020,6,21.54211002,"IMD GRID MODEL"
"Uttar Pradesh","Mirzapur","2020-06-27",2020,6,14.83204577,"IMD GRID MODEL"
"Uttar Pradesh","Mirzapur","2020-06-28",2020,6,6.307205454,"IMD GRID MODEL"
"Uttar Pradesh","Mirzapur","2020-06-29",2020,6,15.99181075,"IMD GRID MODEL"
"Uttar Pradesh","Mirzapur","2020-06-30",2020,6,1.694524248,"IMD GRID MODEL"
"Uttar Pradesh","Mirzapur","2020-03-01",2020,3,0.0,"IMD GRID MODEL"
"Uttar Pradesh","Mirzapur","2020-03-02",2020,3,0.016382503,"IMD GRID MODEL"
"Uttar Pradesh","Mirzapur","2020-03-03",2020,3,0.0,"IMD GRID MODEL"
"Uttar Pradesh","Mirzapur","2020-03-04",2020,3,0.043686673,"IMD GRID MODEL"
"Uttar Pradesh","Mirzapur","2020-03-05",2020,3,3.193422461,"IMD GRID MODEL"
"Uttar Pradesh","Mirzapur","2020-03-06",2020,3,1.024859994,"IMD GRID MODEL"
"Uttar Pradesh","Mirzapur","2020-03-07",2020,3,5.907546979,"IMD GRID MODEL"
"Uttar Pradesh","Mirzapur","2020-03-08",2020,3,0.0,"IMD GRID MODEL"
"Uttar Pradesh","Mirzapur","2020-03-09",2020,3,0.0,"IMD GRID MODEL"
"Uttar Pradesh","Mirzapur","2020-03-10",2020,3,0.0,"IMD GRID MODEL"
"Uttar Pradesh","Mirzapur","2020-03-11",2020,3,0.021843336,"IMD GRID MODEL"
"Uttar Pradesh","Mirzapur","2020-03-12",2020,3,0.928030233,"IMD GRID MODEL"
"Uttar Pradesh","Mirzapur","2020-03-13",2020,3,7.37998061,"IMD GRID MODEL"
"Uttar Pradesh","Mirzapur","2020-03-14",2020,3,30.90799477,"IMD GRID MODEL"
"Uttar Pradesh","Mirzapur","2020-03-15",2020,3,0.366829946,"IMD GRID MODEL"
"Uttar Pradesh","Mirzapur","2020-03-16",2020,3,0.0,"IMD GRID MODEL"
"Uttar Pradesh","Mirzapur","2020-03-17",2020,3,0.0,"IMD GRID MODEL"
"Uttar Pradesh","Mirzapur","2020-03-18",2020,3,0.0,"IMD GRID MODEL"
"Uttar Pradesh","Mirzapur","2020-03-19",2020,3,0.0,"IMD GRID MODEL"
"Uttar Pradesh","Mirzapur","2020-03-20",2020,3,0.0,"IMD GRID MODEL"
"Uttar Pradesh","Mirzapur","2020-03-21",2020,3,0.265197482,"IMD GRID MODEL"
"Uttar Pradesh","Mirzapur","2020-03-22",2020,3,1.305609233,"IMD GRID MODEL"
"Uttar Pradesh","Mirzapur","2020-03-23",2020,3,0.0,"IMD GRID MODEL"
"Uttar Pradesh","Mirzapur","2020-03-24",2020,3,0.0,"IMD GRID MODEL"
"Uttar Pradesh","Mirzapur","2020-03-25",2020,3,0.0,"IMD GRID MODEL"
"Uttar Pradesh","Mirzapur","2020-03-26",2020,3,0.0,"IMD GRID MODEL"
"Uttar Pradesh","Mirzapur","2020-03-27",2020,3,0.0,"IMD GRID MODEL"
"Uttar Pradesh","Mirzapur","2020-03-28",2020,3,0.132303115,"IMD GRID MODEL"
"Uttar Pradesh","Mirzapur","2020-03-29",2020,3,0.0,"IMD GRID MODEL"
"Uttar Pradesh","Mirzapur","2020-03-30",2020,3,0.0,"IMD GRID MODEL"
"Uttar Pradesh","Mirzapur","2020-03-31",2020,3,0.0,"IMD GRID MODEL"
"Uttar Pradesh","Mirzapur","2020-05-01",2020,5,1.753055914,"IMD GRID MODEL"
"Uttar Pradesh","Mirzapur","2020-05-02",2020,5,0.0,"IMD GRID MODEL"
"Uttar Pradesh","Mirzapur","2020-05-03",2020,5,0.0,"IMD GRID MODEL"
"Uttar Pradesh","Mirzapur","2020-05-04",2020,5,1.419927883,"IMD GRID MODEL"
"Uttar Pradesh","Mirzapur","2020-05-05",2020,5,3.319342954,"IMD GRID MODEL"
"Uttar Pradesh","Mirzapur","2020-05-06",2020,5,2.445569645,"IMD GRID MODEL"
"Uttar Pradesh","Mirzapur","2020-05-07",2020,5,0.194694319,"IMD GRID MODEL"
"Uttar Pradesh","Mirzapur","2020-05-08",2020,5,0.0,"IMD GRID MODEL"
"Uttar Pradesh","Mirzapur","2020-05-09",2020,5,0.0,"IMD GRID MODEL"
"Uttar Pradesh","Mirzapur","2020-05-10",2020,5,0.0,"IMD GRID MODEL"
"Uttar Pradesh","Mirzapur","2020-05-11",2020,5,14.32178312,"IMD GRID MODEL"
"Uttar Pradesh","Mirzapur","2020-05-12",2020,5,0.0,"IMD GRID MODEL"
"Uttar Pradesh","Mirzapur","2020-05-13",2020,5,0.0,"IMD GRID MODEL"
"Uttar Pradesh","Mirzapur","2020-05-14",2020,5,0.0,"IMD GRID MODEL"
"Uttar Pradesh","Mirzapur","2020-05-15",2020,5,0.0,"IMD GRID MODEL"
"Uttar Pradesh","Mirzapur","2020-05-16",2020,5,0.0,"IMD GRID MODEL"
"Uttar Pradesh","Mirzapur","2020-05-17",2020,5,0.0,"IMD GRID MODEL"
"Uttar Pradesh","Mirzapur","2020-05-18",2020,5,0.0,"IMD GRID MODEL"
"Uttar Pradesh","Mirzapur","2020-05-19",2020,5,0.0,"IMD GRID MODEL"
"Uttar Pradesh","Mirzapur","2020-05-20",2020,5,0.0,"IMD GRID MODEL"
"Uttar Pradesh","Mirzapur","2020-05-21",2020,5,0.000162621,"IMD GRID MODEL"
"Uttar Pradesh","Mirzapur","2020-05-22",2020,5,0.0,"IMD GRID MODEL"
"Uttar Pradesh","Mirzapur","2020-05-23",2020,5,0.0,"IMD GRID MODEL"
"Uttar Pradesh","Mirzapur","2020-05-24",2020,5,0.0,"IMD GRID MODEL"
"Uttar Pradesh","Mirzapur","2020-05-25",2020,5,0.0,"IMD GRID MODEL"
"Uttar Pradesh","Mirzapur","2020-05-26",2020,5,0.0,"IMD GRID MODEL"
"Uttar Pradesh","Mirzapur","2020-05-27",2020,5,0.0,"IMD GRID MODEL"
"Uttar Pradesh","Mirzapur","2020-05-28",2020,5,0.021427365,"IMD GRID MODEL"
"Uttar Pradesh","Mirzapur","2020-05-29",2020,5,3.331007176,"IMD GRID MODEL"
"Uttar Pradesh","Mirzapur","2020-05-30",2020,5,0.0,"IMD GRID MODEL"
"Uttar Pradesh","Mirzapur","2020-05-31",2020,5,10.55302641,"IMD GRID MODEL"
"Uttar Pradesh","Mirzapur","2020-11-01",2020,11,0.0,"IMD GRID MODEL"
"Uttar Pradesh","Mirzapur","2020-11-02",2020,11,0.0,"IMD GRID MODEL"
"Uttar Pradesh","Mirzapur","2020-11-03",2020,11,0.0,"IMD GRID MODEL"
"Uttar Pradesh","Mirzapur","2020-11-04",2020,11,0.0,"IMD GRID MODEL"
"Uttar Pradesh","Mirzapur","2020-11-05",2020,11,0.321076112,"IMD GRID MODEL"
"Uttar Pradesh","Mirzapur","2020-11-06",2020,11,5.154280504,"IMD GRID MODEL"
"Uttar Pradesh","Mirzapur","2020-11-07",2020,11,0.0,"IMD GRID MODEL"
"Uttar Pradesh","Mirzapur","2020-11-09",2020,11,0.0,"IMD GRID MODEL"
"Uttar Pradesh","Mirzapur","2020-11-10",2020,11,0.0,"IMD GRID MODEL"
"Uttar Pradesh","Mirzapur","2020-11-08",2020,11,0.0,"IMD GRID MODEL"
"Uttar Pradesh","Mirzapur","2020-11-11",2020,11,0.0,"IMD GRID MODEL"
"Uttar Pradesh","Mirzapur","2020-11-12",2020,11,0.0,"IMD GRID MODEL"
"Uttar Pradesh","Mirzapur","2020-11-13",2020,11,3.781951084,"IMD GRID MODEL"
"Uttar Pradesh","Mirzapur","2020-11-14",2020,11,9.727391793,"IMD GRID MODEL"
"Uttar Pradesh","Mirzapur","2020-11-15",2020,11,0.078365621,"IMD GRID MODEL"
"Uttar Pradesh","Mirzapur","2020-11-16",2020,11,0.0,"IMD GRID MODEL"
"Uttar Pradesh","Mirzapur","2020-11-17",2020,11,0.0,"IMD GRID MODEL"
"Uttar Pradesh","Mirzapur","2020-11-18",2020,11,0.0,"IMD GRID MODEL"
"Uttar Pradesh","Mirzapur","2020-11-19",2020,11,0.0,"IMD GRID MODEL"
"Uttar Pradesh","Mirzapur","2020-11-20",2020,11,0.0,"IMD GRID MODEL"
"Uttar Pradesh","Mirzapur","2020-11-21",2020,11,0.0,"IMD GRID MODEL"
"Uttar Pradesh","Mirzapur","2020-11-22",2020,11,0.0,"IMD GRID MODEL"
"Uttar Pradesh","Mirzapur","2020-11-23",2020,11,0.0,"IMD GRID MODEL"
"Uttar Pradesh","Mirzapur","2020-11-24",2020,11,0.0,"IMD GRID MODEL"
"Uttar Pradesh","Mirzapur","2020-11-25",2020,11,0.010921668,"IMD GRID MODEL"
"Uttar Pradesh","Mirzapur","2020-11-26",2020,11,0.0,"IMD GRID MODEL"
"Uttar Pradesh","Mirzapur","2020-11-27",2020,11,0.219225305,"IMD GRID MODEL"
"Uttar Pradesh","Mirzapur","2020-11-28",2020,11,0.0,"IMD GRID MODEL"
"Uttar Pradesh","Mirzapur","2020-11-29",2020,11,0.0,"IMD GRID MODEL"
"Uttar Pradesh","Mirzapur","2020-11-30",2020,11,0.0,"IMD GRID MODEL"
"Uttar Pradesh","Mirzapur","2020-10-01",2020,10,1.024859994,"IMD GRID MODEL"
"Uttar Pradesh","Mirzapur","2020-10-02",2020,10,5.907546979,"IMD GRID MODEL"
"Uttar Pradesh","Mirzapur","2020-10-03",2020,10,0.0,"IMD GRID MODEL"
"Uttar Pradesh","Mirzapur","2020-10-04",2020,10,0.0,"IMD GRID MODEL"
"Uttar Pradesh","Mirzapur","2020-10-05",2020,10,0.0,"IMD GRID MODEL"
"Uttar Pradesh","Mirzapur","2020-10-06",2020,10,0.021843336,"IMD GRID MODEL"
"Uttar Pradesh","Mirzapur","2020-10-07",2020,10,0.928030233,"IMD GRID MODEL"
"Uttar Pradesh","Mirzapur","2020-10-08",2020,10,7.37998061,"IMD GRID MODEL"
"Uttar Pradesh","Mirzapur","2020-10-09",2020,10,30.90799477,"IMD GRID MODEL"
"Uttar Pradesh","Mirzapur","2020-10-11",2020,10,0.0,"IMD GRID MODEL"
"Uttar Pradesh","Mirzapur","2020-10-10",2020,10,0.366829946,"IMD GRID MODEL"
"Uttar Pradesh","Mirzapur","2020-10-12",2020,10,0.0,"IMD GRID MODEL"
"Uttar Pradesh","Mirzapur","2020-10-13",2020,10,0.0,"IMD GRID MODEL"
"Uttar Pradesh","Mirzapur","2020-10-14",2020,10,0.0,"IMD GRID MODEL"
"Uttar Pradesh","Mirzapur","2020-10-15",2020,10,0.0,"IMD GRID MODEL"
"Uttar Pradesh","Mirzapur","2020-10-16",2020,10,0.265197482,"IMD GRID MODEL"
"Uttar Pradesh","Mirzapur","2020-10-17",2020,10,1.305609233,"IMD GRID MODEL"
"Uttar Pradesh","Mirzapur","2020-10-18",2020,10,0.0,"IMD GRID MODEL"
"Uttar Pradesh","Mirzapur","2020-10-20",2020,10,0.0,"IMD GRID MODEL"
"Uttar Pradesh","Mirzapur","2020-10-21",2020,10,0.0,"IMD GRID MODEL"
"Uttar Pradesh","Mirzapur","2020-10-19",2020,10,0.0,"IMD GRID MODEL"
"Uttar Pradesh","Mirzapur","2020-10-22",2020,10,0.0,"IMD GRID MODEL"
"Uttar Pradesh","Mirzapur","2020-10-23",2020,10,0.132303115,"IMD GRID MODEL"
"Uttar Pradesh","Mirzapur","2020-10-24",2020,10,0.0,"IMD GRID MODEL"
"Uttar Pradesh","Mirzapur","2020-10-25",2020,10,0.0,"IMD GRID MODEL"
"Uttar Pradesh","Mirzapur","2020-10-26",2020,10,0.0,"IMD GRID MODEL"
"Uttar Pradesh","Mirzapur","2020-10-27",2020,10,0.0,"IMD GRID MODEL"
"Uttar Pradesh","Mirzapur","2020-10-28",2020,10,0.0,"IMD GRID MODEL"
"Uttar Pradesh","Mirzapur","2020-10-29",2020,10,0.038225838,"IMD GRID MODEL"
"Uttar Pradesh","Mirzapur","2020-10-30",2020,10,0.0,"IMD GRID MODEL"
"Uttar Pradesh","Mirzapur","2020-10-31",2020,10,4.682076284,"IMD GRID MODEL"
"Uttar Pradesh","Mirzapur","2020-09-01",2020,9,0.008191251,"IMD GRID MODEL"
"Uttar Pradesh","Mirzapur","2020-09-02",2020,9,0.0,"IMD GRID MODEL"
"Uttar Pradesh","Mirzapur","2020-09-03",2020,9,0.0,"IMD GRID MODEL"
"Uttar Pradesh","Mirzapur","2020-09-04",2020,9,0.0,"IMD GRID MODEL"
"Uttar Pradesh","Mirzapur","2020-09-05",2020,9,0.0,"IMD GRID MODEL"
"Uttar Pradesh","Mirzapur","2020-09-06",2020,9,0.0,"IMD GRID MODEL"
"Uttar Pradesh","Mirzapur","2020-09-07",2020,9,0.0,"IMD GRID MODEL"
"Uttar Pradesh","Mirzapur","2020-09-08",2020,9,0.0,"IMD GRID MODEL"
"Uttar Pradesh","Mirzapur","2020-09-09",2020,9,0.0,"IMD GRID MODEL"
"Uttar Pradesh","Mirzapur","2020-09-10",2020,9,0.0,"IMD GRID MODEL"
"Uttar Pradesh","Mirzapur","2020-09-11",2020,9,0.0,"IMD GRID MODEL"
"Uttar Pradesh","Mirzapur","2020-09-12",2020,9,0.0,"IMD GRID MODEL"
"Uttar Pradesh","Mirzapur","2020-09-13",2020,9,0.0,"IMD GRID MODEL"
"Uttar Pradesh","Mirzapur","2020-09-14",2020,9,0.0,"IMD GRID MODEL"
"Uttar Pradesh","Mirzapur","2020-09-15",2020,9,0.0,"IMD GRID MODEL"
"Uttar Pradesh","Mirzapur","2020-09-16",2020,9,0.0,"IMD GRID MODEL"
"Uttar Pradesh","Mirzapur","2020-09-17",2020,9,0.0,"IMD GRID MODEL"
"Uttar Pradesh","Mirzapur","2020-09-18",2020,9,4.760851001,"IMD GRID MODEL"
"Uttar Pradesh","Mirzapur","2020-09-19",2020,9,0.675532135,"IMD GRID MODEL"
"Uttar Pradesh","Mirzapur","2020-09-20",2020,9,0.010514841,"IMD GRID MODEL"
"Uttar Pradesh","Mirzapur","2020-09-21",2020,9,2.118716376,"IMD GRID MODEL"
"Uttar Pradesh","Mirzapur","2020-09-22",2020,9,0.60847847,"IMD GRID MODEL"
"Uttar Pradesh","Mirzapur","2020-09-23",2020,9,0.0,"IMD GRID MODEL"
"Uttar Pradesh","Mirzapur","2020-09-25",2020,9,0.0,"IMD GRID MODEL"
"Uttar Pradesh","Mirzapur","2020-09-26",2020,9,0.0,"IMD GRID MODEL"
"Uttar Pradesh","Mirzapur","2020-09-24",2020,9,0.0,"IMD GRID MODEL"
"Uttar Pradesh","Mirzapur","2020-09-27",2020,9,0.016382503,"IMD GRID MODEL"
"Uttar Pradesh","Mirzapur","2020-09-28",2020,9,0.0,"IMD GRID MODEL"
"Uttar Pradesh","Mirzapur","2020-09-29",2020,9,0.043686673,"IMD GRID MODEL"
"Uttar Pradesh","Mirzapur","2020-09-30",2020,9,3.193422461,"IMD GRID MODEL"
"Uttar Pradesh","Mirzapur","2021-04-01",2021,4,0.0,"IMD GRID MODEL"
"Uttar Pradesh","Mirzapur","2021-04-02",2021,4,0.0,"IMD GRID MODEL"
"Uttar Pradesh","Mirzapur","2021-04-03",2021,4,0.0,"IMD GRID MODEL"
"Uttar Pradesh","Mirzapur","2021-04-04",2021,4,0.0,"IMD GRID MODEL"
"Uttar Pradesh","Mirzapur","2021-04-05",2021,4,0.0,"IMD GRID MODEL"
"Uttar Pradesh","Mirzapur","2021-04-06",2021,4,0.0,"IMD GRID MODEL"
"Uttar Pradesh","Mirzapur","2021-04-07",2021,4,0.0,"IMD GRID MODEL"
"Uttar Pradesh","Mirzapur","2021-04-08",2021,4,0.0,"IMD GRID MODEL"
"Uttar Pradesh","Mirzapur","2021-04-09",2021,4,1.16000971,"IMD GRID MODEL"
"Uttar Pradesh","Mirzapur","2021-04-10",2021,4,0.0431474,"IMD GRID MODEL"
"Uttar Pradesh","Mirzapur","2021-04-11",2021,4,0.0,"IMD GRID MODEL"
"Uttar Pradesh","Mirzapur","2021-04-12",2021,4,0.0,"IMD GRID MODEL"
"Uttar Pradesh","Mirzapur","2021-04-13",2021,4,0.0,"IMD GRID MODEL"
"Uttar Pradesh","Mirzapur","2021-04-14",2021,4,0.0,"IMD GRID MODEL"
"Uttar Pradesh","Mirzapur","2021-04-15",2021,4,0.0,"IMD GRID MODEL"
"Uttar Pradesh","Mirzapur","2021-04-17",2021,4,0.0,"IMD GRID MODEL"
"Uttar Pradesh","Mirzapur","2021-04-18",2021,4,0.094771399,"IMD GRID MODEL"
"Uttar Pradesh","Mirzapur","2021-04-19",2021,4,0.0,"IMD GRID MODEL"
"Uttar Pradesh","Mirzapur","2021-04-16",2021,4,0.0,"IMD GRID MODEL"
"Uttar Pradesh","Mirzapur","2021-04-20",2021,4,0.0,"IMD GRID MODEL"
"Uttar Pradesh","Mirzapur","2021-04-21",2021,4,0.0,"IMD GRID MODEL"
"Uttar Pradesh","Mirzapur","2021-04-22",2021,4,2.822471566,"IMD GRID MODEL"
"Uttar Pradesh","Mirzapur","2021-04-23",2021,4,0.0,"IMD GRID MODEL"
"Uttar Pradesh","Mirzapur","2021-04-24",2021,4,0.0,"IMD GRID MODEL"
"Uttar Pradesh","Mirzapur","2021-04-25",2021,4,0.0,"IMD GRID MODEL"
"Uttar Pradesh","Mirzapur","2021-04-26",2021,4,0.0,"IMD GRID MODEL"
"Uttar Pradesh","Mirzapur","2021-04-27",2021,4,0.0,"IMD GRID MODEL"
"Uttar Pradesh","Mirzapur","2021-04-28",2021,4,0.0,"IMD GRID MODEL"
"Uttar Pradesh","Mirzapur","2021-04-29",2021,4,0.0,"IMD GRID MODEL"
"Uttar Pradesh","Mirzapur","2021-04-30",2021,4,0.011273293,"IMD GRID MODEL"
"Uttar Pradesh","Mirzapur","2021-08-01",2021,8,66.5777411,"IMD GRID MODEL"
"Uttar Pradesh","Mirzapur","2021-08-02",2021,8,5.928434184,"IMD GRID MODEL"
"Uttar Pradesh","Mirzapur","2021-08-03",2021,8,0.212905488,"IMD GRID MODEL"
"Uttar Pradesh","Mirzapur","2021-08-04",2021,8,0.0,"IMD GRID MODEL"
"Uttar Pradesh","Mirzapur","2021-08-05",2021,8,0.008851624,"IMD GRID MODEL"
"Uttar Pradesh","Mirzapur","2021-08-06",2021,8,2.894724476,"IMD GRID MODEL"
"Uttar Pradesh","Mirzapur","2021-08-07",2021,8,16.87406024,"IMD GRID MODEL"
"Uttar Pradesh","Mirzapur","2021-08-08",2021,8,8.224796408,"IMD GRID MODEL"
"Uttar Pradesh","Mirzapur","2021-08-09",2021,8,22.47653923,"IMD GRID MODEL"
"Uttar Pradesh","Mirzapur","2021-08-10",2021,8,7.528637145,"IMD GRID MODEL"
"Uttar Pradesh","Mirzapur","2021-08-11",2021,8,19.08091757,"IMD GRID MODEL"
"Uttar Pradesh","Mirzapur","2021-08-12",2021,8,26.70791707,"IMD GRID MODEL"
"Uttar Pradesh","Mirzapur","2021-08-13",2021,8,1.90663504,"IMD GRID MODEL"
"Uttar Pradesh","Mirzapur","2021-08-14",2021,8,0.006655644,"IMD GRID MODEL"
"Uttar Pradesh","Mirzapur","2021-08-15",2021,8,0.0,"IMD GRID MODEL"
"Uttar Pradesh","Mirzapur","2021-08-16",2021,8,0.477803409,"IMD GRID MODEL"
"Uttar Pradesh","Mirzapur","2021-08-17",2021,8,0.622882254,"IMD GRID MODEL"
"Uttar Pradesh","Mirzapur","2021-08-18",2021,8,1.257370909,"IMD GRID MODEL"
"Uttar Pradesh","Mirzapur","2021-08-19",2021,8,9.74867811,"IMD GRID MODEL"
"Uttar Pradesh","Mirzapur","2021-08-20",2021,8,40.38752896,"IMD GRID MODEL"
"Uttar Pradesh","Mirzapur","2021-08-21",2021,8,12.45475431,"IMD GRID MODEL"
"Uttar Pradesh","Mirzapur","2021-08-22",2021,8,5.459570785,"IMD GRID MODEL"
"Uttar Pradesh","Mirzapur","2021-08-23",2021,8,10.13862874,"IMD GRID MODEL"
"Uttar Pradesh","Mirzapur","2021-08-24",2021,8,4.176111302,"IMD GRID MODEL"
"Uttar Pradesh","Mirzapur","2021-08-25",2021,8,2.748185772,"IMD GRID MODEL"
"Uttar Pradesh","Mirzapur","2021-08-26",2021,8,1.927267603,"IMD GRID MODEL"
"Uttar Pradesh","Mirzapur","2021-08-27",2021,8,0.0,"IMD GRID MODEL"
"Uttar Pradesh","Mirzapur","2021-08-28",2021,8,4.0654152,"IMD GRID MODEL"
"Uttar Pradesh","Mirzapur","2021-08-29",2021,8,0.0,"IMD GRID MODEL"
"Uttar Pradesh","Mirzapur","2021-08-30",2021,8,1.259141501,"IMD GRID MODEL"
"Uttar Pradesh","Mirzapur","2021-08-31",2021,8,1.917969445,"IMD GRID MODEL"
"Uttar Pradesh","Mirzapur","2021-12-01",2021,12,0.0,"IMD GRID MODEL"
"Uttar Pradesh","Mirzapur","2021-12-02",2021,12,0.0,"IMD GRID MODEL"
"Uttar Pradesh","Mirzapur","2021-12-03",2021,12,0.0,"IMD GRID MODEL"
"Uttar Pradesh","Mirzapur","2021-12-04",2021,12,0.0,"IMD GRID MODEL"
"Uttar Pradesh","Mirzapur","2021-12-05",2021,12,0.0,"IMD GRID MODEL"
"Uttar Pradesh","Mirzapur","2021-12-06",2021,12,0.0,"IMD GRID MODEL"
"Uttar Pradesh","Mirzapur","2021-12-08",2021,12,0.0,"IMD GRID MODEL"
"Uttar Pradesh","Mirzapur","2021-12-09",2021,12,0.0,"IMD GRID MODEL"
"Uttar Pradesh","Mirzapur","2021-12-07",2021,12,0.0,"IMD GRID MODEL"
"Uttar Pradesh","Mirzapur","2021-12-10",2021,12,0.0,"IMD GRID MODEL"
"Uttar Pradesh","Mirzapur","2021-12-11",2021,12,0.0,"IMD GRID MODEL"
"Uttar Pradesh","Mirzapur","2021-12-12",2021,12,0.0,"IMD GRID MODEL"
"Uttar Pradesh","Mirzapur","2021-12-13",2021,12,0.0,"IMD GRID MODEL"
"Uttar Pradesh","Mirzapur","2021-12-14",2021,12,0.0,"IMD GRID MODEL"
"Uttar Pradesh","Mirzapur","2021-12-15",2021,12,0.0,"IMD GRID MODEL"
"Uttar Pradesh","Mirzapur","2021-12-16",2021,12,0.0,"IMD GRID MODEL"
"Uttar Pradesh","Mirzapur","2021-12-17",2021,12,0.0,"IMD GRID MODEL"
"Uttar Pradesh","Mirzapur","2021-12-18",2021,12,0.0,"IMD GRID MODEL"
"Uttar Pradesh","Mirzapur","2021-12-19",2021,12,0.0,"IMD GRID MODEL"
"Uttar Pradesh","Mirzapur","2021-12-20",2021,12,0.0,"IMD GRID MODEL"
"Uttar Pradesh","Mirzapur","2021-12-21",2021,12,0.0,"IMD GRID MODEL"
"Uttar Pradesh","Mirzapur","2021-12-22",2021,12,0.0,"IMD GRID MODEL"
"Uttar Pradesh","Mirzapur","2021-12-23",2021,12,0.0,"IMD GRID MODEL"
"Uttar Pradesh","Mirzapur","2021-12-24",2021,12,0.0,"IMD GRID MODEL"
"Uttar Pradesh","Mirzapur","2021-12-25",2021,12,0.0,"IMD GRID MODEL"
"Uttar Pradesh","Mirzapur","2021-12-26",2021,12,0.0,"IMD GRID MODEL"
"Uttar Pradesh","Mirzapur","2021-12-27",2021,12,0.0,"IMD GRID MODEL"
"Uttar Pradesh","Mirzapur","2021-12-28",2021,12,0.0,"IMD GRID MODEL"
"Uttar Pradesh","Mirzapur","2021-12-29",2021,12,5.933816237,"IMD GRID MODEL"
"Uttar Pradesh","Mirzapur","2021-12-30",2021,12,0.028998148,"IMD GRID MODEL"
"Uttar Pradesh","Mirzapur","2021-12-31",2021,12,0.0,"IMD GRID MODEL"
"Uttar Pradesh","Mirzapur","2021-02-01",2021,2,0.0,"IMD GRID MODEL"
"Uttar Pradesh","Mirzapur","2021-02-02",2021,2,0.0,"IMD GRID MODEL"
"Uttar Pradesh","Mirzapur","2021-02-03",2021,2,0.0,"IMD GRID MODEL"
"Uttar Pradesh","Mirzapur","2021-02-04",2021,2,0.0,"IMD GRID MODEL"
"Uttar Pradesh","Mirzapur","2021-02-05",2021,2,0.0,"IMD GRID MODEL"
"Uttar Pradesh","Mirzapur","2021-02-06",2021,2,0.81482204,"IMD GRID MODEL"
"Uttar Pradesh","Mirzapur","2021-02-07",2021,2,0.0,"IMD GRID MODEL"
"Uttar Pradesh","Mirzapur","2021-02-08",2021,2,0.0,"IMD GRID MODEL"
"Uttar Pradesh","Mirzapur","2021-02-09",2021,2,0.0,"IMD GRID MODEL"
"Uttar Pradesh","Mirzapur","2021-02-10",2021,2,0.0,"IMD GRID MODEL"
"Uttar Pradesh","Mirzapur","2021-02-11",2021,2,0.0,"IMD GRID MODEL"
"Uttar Pradesh","Mirzapur","2021-02-12",2021,2,0.0,"IMD GRID MODEL"
"Uttar Pradesh","Mirzapur","2021-02-13",2021,2,0.0,"IMD GRID MODEL"
"Uttar Pradesh","Mirzapur","2021-02-14",2021,2,0.0,"IMD GRID MODEL"
"Uttar Pradesh","Mirzapur","2021-02-15",2021,2,0.0,"IMD GRID MODEL"
"Uttar Pradesh","Mirzapur","2021-02-16",2021,2,0.0,"IMD GRID MODEL"
"Uttar Pradesh","Mirzapur","2021-02-17",2021,2,0.0,"IMD GRID MODEL"
"Uttar Pradesh","Mirzapur","2021-02-18",2021,2,0.202331785,"IMD GRID MODEL"
"Uttar Pradesh","Mirzapur","2021-02-19",2021,2,0.0,"IMD GRID MODEL"
"Uttar Pradesh","Mirzapur","2021-02-20",2021,2,0.0,"IMD GRID MODEL"
"Uttar Pradesh","Mirzapur","2021-02-21",2021,2,0.0,"IMD GRID MODEL"
"Uttar Pradesh","Mirzapur","2021-02-22",2021,2,0.0,"IMD GRID MODEL"
"Uttar Pradesh","Mirzapur","2021-02-23",2021,2,0.0,"IMD GRID MODEL"
"Uttar Pradesh","Mirzapur","2021-02-24",2021,2,0.0,"IMD GRID MODEL"
"Uttar Pradesh","Mirzapur","2021-02-25",2021,2,0.0,"IMD GRID MODEL"
"Uttar Pradesh","Mirzapur","2021-02-26",2021,2,0.0,"IMD GRID MODEL"
"Uttar Pradesh","Mirzapur","2021-02-27",2021,2,0.0,"IMD GRID MODEL"
"Uttar Pradesh","Mirzapur","2021-02-28",2021,2,0.0,"IMD GRID MODEL"
"Uttar Pradesh","Mirzapur","2021-01-01",2021,1,0.0,"IMD GRID MODEL"
"Uttar Pradesh","Mirzapur","2021-01-02",2021,1,0.0,"IMD GRID MODEL"
"Uttar Pradesh","Mirzapur","2021-01-03",2021,1,0.0,"IMD GRID MODEL"
"Uttar Pradesh","Mirzapur","2021-01-04",2021,1,0.0,"IMD GRID MODEL"
"Uttar Pradesh","Mirzapur","2021-01-05",2021,1,0.0,"IMD GRID MODEL"
"Uttar Pradesh","Mirzapur","2021-01-06",2021,1,0.00986373,"IMD GRID MODEL"
"Uttar Pradesh","Mirzapur","2021-01-07",2021,1,0.0,"IMD GRID MODEL"
"Uttar Pradesh","Mirzapur","2021-01-08",2021,1,0.0,"IMD GRID MODEL"
"Uttar Pradesh","Mirzapur","2021-01-09",2021,1,0.0,"IMD GRID MODEL"
"Uttar Pradesh","Mirzapur","2021-01-10",2021,1,0.0,"IMD GRID MODEL"
"Uttar Pradesh","Mirzapur","2021-01-11",2021,1,0.0,"IMD GRID MODEL"
"Uttar Pradesh","Mirzapur","2021-01-12",2021,1,0.0,"IMD GRID MODEL"
"Uttar Pradesh","Mirzapur","2021-01-13",2021,1,0.0,"IMD GRID MODEL"
"Uttar Pradesh","Mirzapur","2021-01-14",2021,1,0.0,"IMD GRID MODEL"
"Uttar Pradesh","Mirzapur","2021-01-15",2021,1,0.0,"IMD GRID MODEL"
"Uttar Pradesh","Mirzapur","2021-01-16",2021,1,0.0,"IMD GRID MODEL"
"Uttar Pradesh","Mirzapur","2021-01-17",2021,1,0.0,"IMD GRID MODEL"
"Uttar Pradesh","Mirzapur","2021-01-18",2021,1,0.0,"IMD GRID MODEL"
"Uttar Pradesh","Mirzapur","2021-01-19",2021,1,0.0,"IMD GRID MODEL"
"Uttar Pradesh","Mirzapur","2021-01-20",2021,1,0.0,"IMD GRID MODEL"
"Uttar Pradesh","Mirzapur","2021-01-21",2021,1,0.0,"IMD GRID MODEL"
"Uttar Pradesh","Mirzapur","2021-01-22",2021,1,0.0,"IMD GRID MODEL"
"Uttar Pradesh","Mirzapur","2021-01-23",2021,1,0.0,"IMD GRID MODEL"
"Uttar Pradesh","Mirzapur","2021-01-24",2021,1,0.0,"IMD GRID MODEL"
"Uttar Pradesh","Mirzapur","2021-01-25",2021,1,0.0,"IMD GRID MODEL"
"Uttar Pradesh","Mirzapur","2021-01-26",2021,1,0.0,"IMD GRID MODEL"
"Uttar Pradesh","Mirzapur","2021-01-27",2021,1,0.0,"IMD GRID MODEL"
"Uttar Pradesh","Mirzapur","2021-01-28",2021,1,0.0,"IMD GRID MODEL"
"Uttar Pradesh","Mirzapur","2021-01-29",2021,1,0.0,"IMD GRID MODEL"
"Uttar Pradesh","Mirzapur","2021-01-30",2021,1,0.0,"IMD GRID MODEL"
"Uttar Pradesh","Mirzapur","2021-01-31",2021,1,0.0,"IMD GRID MODEL"
"Uttar Pradesh","Mirzapur","2021-07-02",2021,7,0.669074699,"IMD GRID MODEL"
"Uttar Pradesh","Mirzapur","2021-07-03",2021,7,0.826536349,"IMD GRID MODEL"
"Uttar Pradesh","Mirzapur","2021-07-04",2021,7,0.011273293,"IMD GRID MODEL"
"Uttar Pradesh","Mirzapur","2021-07-05",2021,7,2.213430841,"IMD GRID MODEL"
"Uttar Pradesh","Mirzapur","2021-07-06",2021,7,3.416200737,"IMD GRID MODEL"
"Uttar Pradesh","Mirzapur","2021-07-01",2021,7,0.0,"IMD GRID MODEL"
"Uttar Pradesh","Mirzapur","2021-07-08",2021,7,0.257548876,"IMD GRID MODEL"
"Uttar Pradesh","Mirzapur","2021-07-07",2021,7,0.0,"IMD GRID MODEL"
"Uttar Pradesh","Mirzapur","2021-07-09",2021,7,0.359000176,"IMD GRID MODEL"
"Uttar Pradesh","Mirzapur","2021-07-10",2021,7,0.000319732,"IMD GRID MODEL"
"Uttar Pradesh","Mirzapur","2021-07-11",2021,7,0.652103253,"IMD GRID MODEL"
"Uttar Pradesh","Mirzapur","2021-07-12",2021,7,3.754796513,"IMD GRID MODEL"
"Uttar Pradesh","Mirzapur","2021-07-13",2021,7,0.208827879,"IMD GRID MODEL"
"Uttar Pradesh","Mirzapur","2021-07-14",2021,7,0.0,"IMD GRID MODEL"
"Uttar Pradesh","Mirzapur","2021-07-15",2021,7,0.0,"IMD GRID MODEL"
"Uttar Pradesh","Mirzapur","2021-07-16",2021,7,0.0,"IMD GRID MODEL"
"Uttar Pradesh","Mirzapur","2021-07-17",2021,7,0.769573733,"IMD GRID MODEL"
"Uttar Pradesh","Mirzapur","2021-07-18",2021,7,6.266013656,"IMD GRID MODEL"
"Uttar Pradesh","Mirzapur","2021-07-19",2021,7,27.59180464,"IMD GRID MODEL"
"Uttar Pradesh","Mirzapur","2021-07-20",2021,7,9.14296143,"IMD GRID MODEL"
"Uttar Pradesh","Mirzapur","2021-07-21",2021,7,27.72995875,"IMD GRID MODEL"
"Uttar Pradesh","Mirzapur","2021-07-22",2021,7,8.802247042,"IMD GRID MODEL"
"Uttar Pradesh","Mirzapur","2021-07-23",2021,7,1.19573142,"IMD GRID MODEL"
"Uttar Pradesh","Mirzapur","2021-07-24",2021,7,16.50553822,"IMD GRID MODEL"
"Uttar Pradesh","Mirzapur","2021-07-25",2021,7,0.978064082,"IMD GRID MODEL"
"Uttar Pradesh","Mirzapur","2021-07-26",2021,7,0.0,"IMD GRID MODEL"
"Uttar Pradesh","Mirzapur","2021-07-27",2021,7,2.069530781,"IMD GRID MODEL"
"Uttar Pradesh","Mirzapur","2021-07-28",2021,7,47.58201086,"IMD GRID MODEL"
"Uttar Pradesh","Mirzapur","2021-07-29",2021,7,10.60715219,"IMD GRID MODEL"
"Uttar Pradesh","Mirzapur","2021-07-30",2021,7,5.250421996,"IMD GRID MODEL"
"Uttar Pradesh","Mirzapur","2021-07-31",2021,7,29.37948773,"IMD GRID MODEL"
"Uttar Pradesh","Mirzapur","2021-06-01",2021,6,0.0,"IMD GRID MODEL"
"Uttar Pradesh","Mirzapur","2021-06-02",2021,6,13.95234303,"IMD GRID MODEL"
"Uttar Pradesh","Mirzapur","2021-06-03",2021,6,0.0,"IMD GRID MODEL"
"Uttar Pradesh","Mirzapur","2021-06-04",2021,6,1.392861854,"IMD GRID MODEL"
"Uttar Pradesh","Mirzapur","2021-06-05",2021,6,0.0,"IMD GRID MODEL"
"Uttar Pradesh","Mirzapur","2021-06-06",2021,6,0.067164454,"IMD GRID MODEL"
"Uttar Pradesh","Mirzapur","2021-06-07",2021,6,1.653825241,"IMD GRID MODEL"
"Uttar Pradesh","Mirzapur","2021-06-08",2021,6,0.0,"IMD GRID MODEL"
"Uttar Pradesh","Mirzapur","2021-06-09",2021,6,0.051975818,"IMD GRID MODEL"
"Uttar Pradesh","Mirzapur","2021-06-11",2021,6,3.716699402,"IMD GRID MODEL"
"Uttar Pradesh","Mirzapur","2021-06-12",2021,6,17.46906193,"IMD GRID MODEL"
"Uttar Pradesh","Mirzapur","2021-06-13",2021,6,11.644429,"IMD GRID MODEL"
"Uttar Pradesh","Mirzapur","2021-06-14",2021,6,10.88936822,"IMD GRID MODEL"
"Uttar Pradesh","Mirzapur","2021-06-15",2021,6,24.454856,"IMD GRID MODEL"
"Uttar Pradesh","Mirzapur","2021-06-16",2021,6,1.542359915,"IMD GRID MODEL"
"Uttar Pradesh","Mirzapur","2021-06-17",2021,6,15.15887321,"IMD GRID MODEL"
"Uttar Pradesh","Mirzapur","2021-06-10",2021,6,4.188022567,"IMD GRID MODEL"
"Uttar Pradesh","Mirzapur","2021-06-18",2021,6,71.31328544,"IMD GRID MODEL"
"Uttar Pradesh","Mirzapur","2021-06-19",2021,6,33.66478842,"IMD GRID MODEL"
"Uttar Pradesh","Mirzapur","2021-06-20",2021,6,20.11170599,"IMD GRID MODEL"
"Uttar Pradesh","Mirzapur","2021-06-21",2021,6,3.833492034,"IMD GRID MODEL"
"Uttar Pradesh","Mirzapur","2021-06-22",2021,6,1.335222826,"IMD GRID MODEL"
"Uttar Pradesh","Mirzapur","2021-06-23",2021,6,5.142978773,"IMD GRID MODEL"
"Uttar Pradesh","Mirzapur","2021-06-24",2021,6,7.792398976,"IMD GRID MODEL"
"Uttar Pradesh","Mirzapur","2021-06-25",2021,6,9.174599231,"IMD GRID MODEL"
"Uttar Pradesh","Mirzapur","2021-06-26",2021,6,9.890686453,"IMD GRID MODEL"
"Uttar Pradesh","Mirzapur","2021-06-27",2021,6,4.036134492,"IMD GRID MODEL"
"Uttar Pradesh","Mirzapur","2021-06-28",2021,6,0.974154943,"IMD GRID MODEL"
"Uttar Pradesh","Mirzapur","2021-06-29",2021,6,0.17359683,"IMD GRID MODEL"
"Uttar Pradesh","Mirzapur","2021-06-30",2021,6,0.00025543,"IMD GRID MODEL"
"Uttar Pradesh","Mirzapur","2021-03-02",2021,3,0.0,"IMD GRID MODEL"
"Uttar Pradesh","Mirzapur","2021-03-01",2021,3,0.0,"IMD GRID MODEL"
"Uttar Pradesh","Mirzapur","2021-03-03",2021,3,0.0,"IMD GRID MODEL"
"Uttar Pradesh","Mirzapur","2021-03-04",2021,3,0.0,"IMD GRID MODEL"
"Uttar Pradesh","Mirzapur","2021-03-05",2021,3,0.0,"IMD GRID MODEL"
"Uttar Pradesh","Mirzapur","2021-03-06",2021,3,0.0,"IMD GRID MODEL"
"Uttar Pradesh","Mirzapur","2021-03-07",2021,3,0.0,"IMD GRID MODEL"
"Uttar Pradesh","Mirzapur","2021-03-08",2021,3,0.0,"IMD GRID MODEL"
"Uttar Pradesh","Mirzapur","2021-03-09",2021,3,0.0,"IMD GRID MODEL"
"Uttar Pradesh","Mirzapur","2021-03-10",2021,3,0.0,"IMD GRID MODEL"
"Uttar Pradesh","Mirzapur","2021-03-11",2021,3,0.0,"IMD GRID MODEL"
"Uttar Pradesh","Mirzapur","2021-03-12",2021,3,0.0,"IMD GRID MODEL"
"Uttar Pradesh","Mirzapur","2021-03-13",2021,3,0.023614327,"IMD GRID MODEL"
"Uttar Pradesh","Mirzapur","2021-03-14",2021,3,0.0,"IMD GRID MODEL"
"Uttar Pradesh","Mirzapur","2021-03-15",2021,3,0.0,"IMD GRID MODEL"
"Uttar Pradesh","Mirzapur","2021-03-16",2021,3,0.0,"IMD GRID MODEL"
"Uttar Pradesh","Mirzapur","2021-03-17",2021,3,0.0,"IMD GRID MODEL"
"Uttar Pradesh","Mirzapur","2021-03-18",2021,3,0.0,"IMD GRID MODEL"
"Uttar Pradesh","Mirzapur","2021-03-19",2021,3,0.0,"IMD GRID MODEL"
"Uttar Pradesh","Mirzapur","2021-03-20",2021,3,0.0,"IMD GRID MODEL"
"Uttar Pradesh","Mirzapur","2021-03-21",2021,3,0.0,"IMD GRID MODEL"
"Uttar Pradesh","Mirzapur","2021-03-22",2021,3,0.0,"IMD GRID MODEL"
"Uttar Pradesh","Mirzapur","2021-03-23",2021,3,0.0,"IMD GRID MODEL"
"Uttar Pradesh","Mirzapur","2021-03-24",2021,3,0.0,"IMD GRID MODEL"
"Uttar Pradesh","Mirzapur","2021-03-25",2021,3,0.0,"IMD GRID MODEL"
"Uttar Pradesh","Mirzapur","2021-03-26",2021,3,0.0,"IMD GRID MODEL"
"Uttar Pradesh","Mirzapur","2021-03-27",2021,3,0.0,"IMD GRID MODEL"
"Uttar Pradesh","Mirzapur","2021-03-28",2021,3,0.0,"IMD GRID MODEL"
"Uttar Pradesh","Mirzapur","2021-03-29",2021,3,0.0,"IMD GRID MODEL"
"Uttar Pradesh","Mirzapur","2021-03-30",2021,3,0.0,"IMD GRID MODEL"
"Uttar Pradesh","Mirzapur","2021-03-31",2021,3,0.0,"IMD GRID MODEL"
"Uttar Pradesh","Mirzapur","2021-05-01",2021,5,0.014703869,"IMD GRID MODEL"
"Uttar Pradesh","Mirzapur","2021-05-02",2021,5,0.0,"IMD GRID MODEL"
"Uttar Pradesh","Mirzapur","2021-05-03",2021,5,0.0,"IMD GRID MODEL"
"Uttar Pradesh","Mirzapur","2021-05-04",2021,5,0.0,"IMD GRID MODEL"
"Uttar Pradesh","Mirzapur","2021-05-05",2021,5,0.0,"IMD GRID MODEL"
"Uttar Pradesh","Mirzapur","2021-05-06",2021,5,0.0,"IMD GRID MODEL"
"Uttar Pradesh","Mirzapur","2021-05-07",2021,5,0.029316991,"IMD GRID MODEL"
"Uttar Pradesh","Mirzapur","2021-05-08",2021,5,0.264242879,"IMD GRID MODEL"
"Uttar Pradesh","Mirzapur","2021-05-09",2021,5,2.805429389,"IMD GRID MODEL"
"Uttar Pradesh","Mirzapur","2021-05-10",2021,5,0.183762027,"IMD GRID MODEL"
"Uttar Pradesh","Mirzapur","2021-05-11",2021,5,0.111145705,"IMD GRID MODEL"
"Uttar Pradesh","Mirzapur","2021-05-12",2021,5,0.0,"IMD GRID MODEL"
"Uttar Pradesh","Mirzapur","2021-05-13",2021,5,1.37502581,"IMD GRID MODEL"
"Uttar Pradesh","Mirzapur","2021-05-14",2021,5,0.0,"IMD GRID MODEL"
"Uttar Pradesh","Mirzapur","2021-05-15",2021,5,0.048076457,"IMD GRID MODEL"
"Uttar Pradesh","Mirzapur","2021-05-16",2021,5,0.0,"IMD GRID MODEL"
"Uttar Pradesh","Mirzapur","2021-05-17",2021,5,0.0,"IMD GRID MODEL"
"Uttar Pradesh","Mirzapur","2021-05-18",2021,5,2.534746004,"IMD GRID MODEL"
"Uttar Pradesh","Mirzapur","2021-05-19",2021,5,5.225124915,"IMD GRID MODEL"
"Uttar Pradesh","Mirzapur","2021-05-20",2021,5,43.48716833,"IMD GRID MODEL"
"Uttar Pradesh","Mirzapur","2021-05-21",2021,5,12.66068542,"IMD GRID MODEL"
"Uttar Pradesh","Mirzapur","2021-05-22",2021,5,0.0,"IMD GRID MODEL"
"Uttar Pradesh","Mirzapur","2021-05-23",2021,5,0.0,"IMD GRID MODEL"
"Uttar Pradesh","Mirzapur","2021-05-24",2021,5,0.0,"IMD GRID MODEL"
"Uttar Pradesh","Mirzapur","2021-05-25",2021,5,0.0,"IMD GRID MODEL"
"Uttar Pradesh","Mirzapur","2021-05-26",2021,5,0.000127715,"IMD GRID MODEL"
"Uttar Pradesh","Mirzapur","2021-05-27",2021,5,0.675631282,"IMD GRID MODEL"
"Uttar Pradesh","Mirzapur","2021-05-28",2021,5,27.30086825,"IMD GRID MODEL"
"Uttar Pradesh","Mirzapur","2021-05-29",2021,5,11.68073041,"IMD GRID MODEL"
"Uttar Pradesh","Mirzapur","2021-05-30",2021,5,0.029535965,"IMD GRID MODEL"
"Uttar Pradesh","Mirzapur","2021-05-31",2021,5,0.050417324,"IMD GRID MODEL"
"Uttar Pradesh","Mirzapur","2021-11-01",2021,11,0.0,"IMD GRID MODEL"
"Uttar Pradesh","Mirzapur","2021-11-02",2021,11,0.0,"IMD GRID MODEL"
"Uttar Pradesh","Mirzapur","2021-11-03",2021,11,0.0,"IMD GRID MODEL"
"Uttar Pradesh","Mirzapur","2021-11-04",2021,11,0.0,"IMD GRID MODEL"
"Uttar Pradesh","Mirzapur","2021-11-05",2021,11,0.0,"IMD GRID MODEL"
"Uttar Pradesh","Mirzapur","2021-11-06",2021,11,0.0,"IMD GRID MODEL"
"Uttar Pradesh","Mirzapur","2021-11-07",2021,11,0.0,"IMD GRID MODEL"
"Uttar Pradesh","Mirzapur","2021-11-08",2021,11,0.0,"IMD GRID MODEL"
"Uttar Pradesh","Mirzapur","2021-11-09",2021,11,0.0,"IMD GRID MODEL"
"Uttar Pradesh","Mirzapur","2021-11-10",2021,11,0.0,"IMD GRID MODEL"
"Uttar Pradesh","Mirzapur","2021-11-11",2021,11,0.0,"IMD GRID MODEL"
"Uttar Pradesh","Mirzapur","2021-11-13",2021,11,0.0,"IMD GRID MODEL"
"Uttar Pradesh","Mirzapur","2021-11-12",2021,11,0.0,"IMD GRID MODEL"
"Uttar Pradesh","Mirzapur","2021-11-14",2021,11,0.0,"IMD GRID MODEL"
"Uttar Pradesh","Mirzapur","2021-11-15",2021,11,0.0,"IMD GRID MODEL"
"Uttar Pradesh","Mirzapur","2021-11-16",2021,11,0.0,"IMD GRID MODEL"
"Uttar Pradesh","Mirzapur","2021-11-17",2021,11,0.0,"IMD GRID MODEL"
"Uttar Pradesh","Mirzapur","2021-11-18",2021,11,0.0,"IMD GRID MODEL"
"Uttar Pradesh","Mirzapur","2021-11-19",2021,11,0.0,"IMD GRID MODEL"
"Uttar Pradesh","Mirzapur","2021-11-20",2021,11,0.0,"IMD GRID MODEL"
"Uttar Pradesh","Mirzapur","2021-11-21",2021,11,0.0,"IMD GRID MODEL"
"Uttar Pradesh","Mirzapur","2021-11-22",2021,11,0.0,"IMD GRID MODEL"
"Uttar Pradesh","Mirzapur","2021-11-23",2021,11,0.0,"IMD GRID MODEL"
"Uttar Pradesh","Mirzapur","2021-11-24",2021,11,0.0,"IMD GRID MODEL"
"Uttar Pradesh","Mirzapur","2021-11-25",2021,11,0.0,"IMD GRID MODEL"
"Uttar Pradesh","Mirzapur","2021-11-26",2021,11,0.0,"IMD GRID MODEL"
"Uttar Pradesh","Mirzapur","2021-11-27",2021,11,0.0,"IMD GRID MODEL"
"Uttar Pradesh","Mirzapur","2021-11-28",2021,11,0.0,"IMD GRID MODEL"
"Uttar Pradesh","Mirzapur","2021-11-29",2021,11,0.0,"IMD GRID MODEL"
"Uttar Pradesh","Mirzapur","2021-11-30",2021,11,0.0,"IMD GRID MODEL"
"Uttar Pradesh","Mirzapur","2021-10-02",2021,10,17.23862767,"IMD GRID MODEL"
"Uttar Pradesh","Mirzapur","2021-10-03",2021,10,1.462843735,"IMD GRID MODEL"
"Uttar Pradesh","Mirzapur","2021-10-04",2021,10,10.15078647,"IMD GRID MODEL"
"Uttar Pradesh","Mirzapur","2021-10-05",2021,10,0.0,"IMD GRID MODEL"
"Uttar Pradesh","Mirzapur","2021-10-06",2021,10,0.0,"IMD GRID MODEL"
"Uttar Pradesh","Mirzapur","2021-10-01",2021,10,2.307245295,"IMD GRID MODEL"
"Uttar Pradesh","Mirzapur","2021-10-07",2021,10,0.0,"IMD GRID MODEL"
"Uttar Pradesh","Mirzapur","2021-10-08",2021,10,0.005968214,"IMD GRID MODEL"
"Uttar Pradesh","Mirzapur","2021-10-09",2021,10,0.0,"IMD GRID MODEL"
"Uttar Pradesh","Mirzapur","2021-10-10",2021,10,0.0,"IMD GRID MODEL"
"Uttar Pradesh","Mirzapur","2021-10-11",2021,10,0.0,"IMD GRID MODEL"
"Uttar Pradesh","Mirzapur","2021-10-12",2021,10,0.0,"IMD GRID MODEL"
"Uttar Pradesh","Mirzapur","2021-10-13",2021,10,0.0,"IMD GRID MODEL"
"Uttar Pradesh","Mirzapur","2021-10-14",2021,10,0.0,"IMD GRID MODEL"
"Uttar Pradesh","Mirzapur","2021-10-15",2021,10,0.0,"IMD GRID MODEL"
"Uttar Pradesh","Mirzapur","2021-10-16",2021,10,0.0,"IMD GRID MODEL"
"Uttar Pradesh","Mirzapur","2021-10-17",2021,10,3.954272973,"IMD GRID MODEL"
"Uttar Pradesh","Mirzapur","2021-10-18",2021,10,5.547080446,"IMD GRID MODEL"
"Uttar Pradesh","Mirzapur","2021-10-19",2021,10,7.75816104,"IMD GRID MODEL"
"Uttar Pradesh","Mirzapur","2021-10-20",2021,10,9.735787794,"IMD GRID MODEL"
"Uttar Pradesh","Mirzapur","2021-10-21",2021,10,0.0,"IMD GRID MODEL"
"Uttar Pradesh","Mirzapur","2021-10-22",2021,10,0.0,"IMD GRID MODEL"
"Uttar Pradesh","Mirzapur","2021-10-23",2021,10,0.0,"IMD GRID MODEL"
"Uttar Pradesh","Mirzapur","2021-10-24",2021,10,0.0,"IMD GRID MODEL"
"Uttar Pradesh","Mirzapur","2021-10-25",2021,10,0.0,"IMD GRID MODEL"
"Uttar Pradesh","Mirzapur","2021-10-26",2021,10,0.0,"IMD GRID MODEL"
"Uttar Pradesh","Mirzapur","2021-10-27",2021,10,0.0,"IMD GRID MODEL"
"Uttar Pradesh","Mirzapur","2021-10-28",2021,10,0.0,"IMD GRID MODEL"
"Uttar Pradesh","Mirzapur","2021-10-29",2021,10,0.0,"IMD GRID MODEL"
"Uttar Pradesh","Mirzapur","2021-10-30",2021,10,0.0,"IMD GRID MODEL"
"Uttar Pradesh","Mirzapur","2021-10-31",2021,10,0.0,"IMD GRID MODEL"
"Uttar Pradesh","Mirzapur","2021-09-01",2021,9,0.106595294,"IMD GRID MODEL"
"Uttar Pradesh","Mirzapur","2021-09-02",2021,9,0.001915725,"IMD GRID MODEL"
"Uttar Pradesh","Mirzapur","2021-09-03",2021,9,0.844132919,"IMD GRID MODEL"
"Uttar Pradesh","Mirzapur","2021-09-04",2021,9,3.473815748,"IMD GRID MODEL"
"Uttar Pradesh","Mirzapur","2021-09-05",2021,9,0.0,"IMD GRID MODEL"
"Uttar Pradesh","Mirzapur","2021-09-06",2021,9,0.121224162,"IMD GRID MODEL"
"Uttar Pradesh","Mirzapur","2021-09-07",2021,9,4.098828337,"IMD GRID MODEL"
"Uttar Pradesh","Mirzapur","2021-09-08",2021,9,1.30664908,"IMD GRID MODEL"
"Uttar Pradesh","Mirzapur","2021-09-09",2021,9,10.32082382,"IMD GRID MODEL"
"Uttar Pradesh","Mirzapur","2021-09-10",2021,9,6.012326427,"IMD GRID MODEL"
"Uttar Pradesh","Mirzapur","2021-09-11",2021,9,0.515514499,"IMD GRID MODEL"
"Uttar Pradesh","Mirzapur","2021-09-12",2021,9,4.677251325,"IMD GRID MODEL"
"Uttar Pradesh","Mirzapur","2021-09-13",2021,9,2.748448244,"IMD GRID MODEL"
"Uttar Pradesh","Mirzapur","2021-09-14",2021,9,2.107621077,"IMD GRID MODEL"
"Uttar Pradesh","Mirzapur","2021-09-15",2021,9,7.458680034,"IMD GRID MODEL"
"Uttar Pradesh","Mirzapur","2021-09-16",2021,9,67.30969236,"IMD GRID MODEL"
"Uttar Pradesh","Mirzapur","2021-09-17",2021,9,42.91492007,"IMD GRID MODEL"
"Uttar Pradesh","Mirzapur","2021-09-18",2021,9,4.525242126,"IMD GRID MODEL"
"Uttar Pradesh","Mirzapur","2021-09-19",2021,9,0.214308689,"IMD GRID MODEL"
"Uttar Pradesh","Mirzapur","2021-09-20",2021,9,0.107947284,"IMD GRID MODEL"
"Uttar Pradesh","Mirzapur","2021-09-21",2021,9,4.002343997,"IMD GRID MODEL"
"Uttar Pradesh","Mirzapur","2021-09-22",2021,9,0.0,"IMD GRID MODEL"
"Uttar Pradesh","Mirzapur","2021-09-23",2021,9,2.100476668,"IMD GRID MODEL"
"Uttar Pradesh","Mirzapur","2021-09-24",2021,9,14.34596617,"IMD GRID MODEL"
"Uttar Pradesh","Mirzapur","2021-09-25",2021,9,2.927552234,"IMD GRID MODEL"
"Uttar Pradesh","Mirzapur","2021-09-26",2021,9,0.392919854,"IMD GRID MODEL"
"Uttar Pradesh","Mirzapur","2021-09-27",2021,9,0.689635552,"IMD GRID MODEL"
"Uttar Pradesh","Mirzapur","2021-09-28",2021,9,0.0,"IMD GRID MODEL"
"Uttar Pradesh","Mirzapur","2021-09-29",2021,9,0.0,"IMD GRID MODEL"
"Uttar Pradesh","Mirzapur","2021-09-30",2021,9,0.036491756,"IMD GRID MODEL"
"Uttar Pradesh","Mirzapur","2022-04-01",2022,4,0.0,"IMD GRID MODEL"
"Uttar Pradesh","Mirzapur","2022-04-02",2022,4,0.0,"IMD GRID MODEL"
"Uttar Pradesh","Mirzapur","2022-04-03",2022,4,0.0,"IMD GRID MODEL"
"Uttar Pradesh","Mirzapur","2022-04-04",2022,4,0.0,"IMD GRID MODEL"
"Uttar Pradesh","Mirzapur","2022-04-05",2022,4,0.0,"IMD GRID MODEL"
"Uttar Pradesh","Mirzapur","2022-04-06",2022,4,0.0,"IMD GRID MODEL"
"Uttar Pradesh","Mirzapur","2022-04-07",2022,4,0.0,"IMD GRID MODEL"
"Uttar Pradesh","Mirzapur","2022-04-08",2022,4,0.0,"IMD GRID MODEL"
"Uttar Pradesh","Mirzapur","2022-04-09",2022,4,0.0,"IMD GRID MODEL"
"Uttar Pradesh","Mirzapur","2022-04-10",2022,4,0.0,"IMD GRID MODEL"
"Uttar Pradesh","Mirzapur","2022-04-11",2022,4,0.0,"IMD GRID MODEL"
"Uttar Pradesh","Mirzapur","2022-04-12",2022,4,0.0,"IMD GRID MODEL"
"Uttar Pradesh","Mirzapur","2022-04-13",2022,4,0.0,"IMD GRID MODEL"
"Uttar Pradesh","Mirzapur","2022-04-14",2022,4,0.0,"IMD GRID MODEL"
"Uttar Pradesh","Mirzapur","2022-04-15",2022,4,0.0,"IMD GRID MODEL"
"Uttar Pradesh","Mirzapur","2022-04-16",2022,4,0.0,"IMD GRID MODEL"
"Uttar Pradesh","Mirzapur","2022-04-17",2022,4,0.0,"IMD GRID MODEL"
"Uttar Pradesh","Mirzapur","2022-04-18",2022,4,0.0,"IMD GRID MODEL"
"Uttar Pradesh","Mirzapur","2022-04-19",2022,4,0.0,"IMD GRID MODEL"
"Uttar Pradesh","Mirzapur","2022-04-20",2022,4,0.0,"IMD GRID MODEL"
"Uttar Pradesh","Mirzapur","2022-04-21",2022,4,0.0,"IMD GRID MODEL"
"Uttar Pradesh","Mirzapur","2022-04-22",2022,4,0.0,"IMD GRID MODEL"
"Uttar Pradesh","Mirzapur","2022-04-23",2022,4,0.0,"IMD GRID MODEL"
"Uttar Pradesh","Mirzapur","2022-04-24",2022,4,0.0,"IMD GRID MODEL"
"Uttar Pradesh","Mirzapur","2022-04-25",2022,4,0.0,"IMD GRID MODEL"
"Uttar Pradesh","Mirzapur","2022-04-26",2022,4,0.0,"IMD GRID MODEL"
"Uttar Pradesh","Mirzapur","2022-04-27",2022,4,0.0,"IMD GRID MODEL"
"Uttar Pradesh","Mirzapur","2022-04-28",2022,4,0.0,"IMD GRID MODEL"
"Uttar Pradesh","Mirzapur","2022-04-29",2022,4,0.0,"IMD GRID MODEL"
"Uttar Pradesh","Mirzapur","2022-04-30",2022,4,0.0,"IMD GRID MODEL"
"Uttar Pradesh","Mirzapur","2022-08-01",2022,8,8.9492402334,"NRSC VIC MODEL"
"Uttar Pradesh","Mirzapur","2022-08-02",2022,8,3.2884329965,"NRSC VIC MODEL"
"Uttar Pradesh","Mirzapur","2022-08-03",2022,8,9.6891664316,"NRSC VIC MODEL"
"Uttar Pradesh","Mirzapur","2022-08-04",2022,8,9.5120659117,"NRSC VIC MODEL"
"Uttar Pradesh","Mirzapur","2022-08-05",2022,8,0.8653589074,"NRSC VIC MODEL"
"Uttar Pradesh","Mirzapur","2022-08-06",2022,8,6.6133168341,"NRSC VIC MODEL"
"Uttar Pradesh","Mirzapur","2022-08-07",2022,8,0.729904874,"NRSC VIC MODEL"
"Uttar Pradesh","Mirzapur","2022-08-08",2022,8,6.8364102194,"NRSC VIC MODEL"
"Uttar Pradesh","Mirzapur","2022-08-09",2022,8,2.6307040917,"NRSC VIC MODEL"
"Uttar Pradesh","Mirzapur","2022-08-10",2022,8,0.0631515672,"NRSC VIC MODEL"
"Uttar Pradesh","Mirzapur","2022-08-11",2022,8,2.2191251643,"NRSC VIC MODEL"
"Uttar Pradesh","Mirzapur","2022-08-12",2022,8,1.9293451446,"NRSC VIC MODEL"
"Uttar Pradesh","Mirzapur","2022-08-13",2022,8,3.249091934,"NRSC VIC MODEL"
"Uttar Pradesh","Mirzapur","2022-08-14",2022,8,16.4433864094,"NRSC VIC MODEL"
"Uttar Pradesh","Mirzapur","2022-08-15",2022,8,1.6509792047,"NRSC VIC MODEL"
"Uttar Pradesh","Mirzapur","2022-08-16",2022,8,0.0819117962,"NRSC VIC MODEL"
"Uttar Pradesh","Mirzapur","2022-08-17",2022,8,0.0,"NRSC VIC MODEL"
"Uttar Pradesh","Mirzapur","2022-08-18",2022,8,0.0,"NRSC VIC MODEL"
"Uttar Pradesh","Mirzapur","2022-08-19",2022,8,17.1828910435,"NRSC VIC MODEL"
"Uttar Pradesh","Mirzapur","2022-08-20",2022,8,22.5183946005,"NRSC VIC MODEL"
"Uttar Pradesh","Mirzapur","2022-08-21",2022,8,10.6788346477,"NRSC VIC MODEL"
"Uttar Pradesh","Mirzapur","2022-08-22",2022,8,6.1701559469,"NRSC VIC MODEL"
"Uttar Pradesh","Mirzapur","2022-08-23",2022,8,0.0154530896,"NRSC VIC MODEL"
"Uttar Pradesh","Mirzapur","2022-08-24",2022,8,16.5201169028,"NRSC VIC MODEL"
"Uttar Pradesh","Mirzapur","2022-08-25",2022,8,19.794775899,"NRSC VIC MODEL"
"Uttar Pradesh","Mirzapur","2022-08-26",2022,8,0.0945627719,"NRSC VIC MODEL"
"Uttar Pradesh","Mirzapur","2022-08-27",2022,8,15.8547065643,"NRSC VIC MODEL"
"Uttar Pradesh","Mirzapur","2022-08-28",2022,8,14.1621429665,"NRSC VIC MODEL"
"Uttar Pradesh","Mirzapur","2022-08-29",2022,8,8.845806948,"NRSC VIC MODEL"
"Uttar Pradesh","Mirzapur","2022-08-30",2022,8,5.2653761139,"NRSC VIC MODEL"
"Uttar Pradesh","Mirzapur","2022-08-31",2022,8,4.5715111473,"NRSC VIC MODEL"
"Uttar Pradesh","Mirzapur","2022-12-19",2022,12,0.0,"NRSC VIC MODEL"
"Uttar Pradesh","Mirzapur","2022-12-20",2022,12,0.0,"NRSC VIC MODEL"
"Uttar Pradesh","Mirzapur","2022-12-21",2022,12,0.0,"NRSC VIC MODEL"
"Uttar Pradesh","Mirzapur","2022-12-22",2022,12,0.0,"NRSC VIC MODEL"
"Uttar Pradesh","Mirzapur","2022-12-23",2022,12,0.0,"NRSC VIC MODEL"
"Uttar Pradesh","Mirzapur","2022-12-24",2022,12,0.0016234017,"NRSC VIC MODEL"
"Uttar Pradesh","Mirzapur","2022-12-25",2022,12,0.0,"NRSC VIC MODEL"
"Uttar Pradesh","Mirzapur","2022-12-26",2022,12,0.0,"NRSC VIC MODEL"
"Uttar Pradesh","Mirzapur","2022-12-27",2022,12,0.0,"NRSC VIC MODEL"
"Uttar Pradesh","Mirzapur","2022-12-28",2022,12,0.0,"NRSC VIC MODEL"
"Uttar Pradesh","Mirzapur","2022-12-01",2022,12,0.0,"NRSC VIC MODEL"
"Uttar Pradesh","Mirzapur","2022-12-02",2022,12,0.0,"NRSC VIC MODEL"
"Uttar Pradesh","Mirzapur","2022-12-03",2022,12,0.0,"NRSC VIC MODEL"
"Uttar Pradesh","Mirzapur","2022-12-04",2022,12,0.0,"NRSC VIC MODEL"
"Uttar Pradesh","Mirzapur","2022-12-05",2022,12,0.0,"NRSC VIC MODEL"
"Uttar Pradesh","Mirzapur","2022-12-06",2022,12,0.0,"NRSC VIC MODEL"
"Uttar Pradesh","Mirzapur","2022-12-07",2022,12,0.0,"NRSC VIC MODEL"
"Uttar Pradesh","Mirzapur","2022-12-08",2022,12,0.0,"NRSC VIC MODEL"
"Uttar Pradesh","Mirzapur","2022-12-09",2022,12,0.0004908193,"NRSC VIC MODEL"
"Uttar Pradesh","Mirzapur","2022-12-10",2022,12,0.0,"NRSC VIC MODEL"
"Uttar Pradesh","Mirzapur","2022-12-11",2022,12,0.0,"NRSC VIC MODEL"
"Uttar Pradesh","Mirzapur","2022-12-12",2022,12,0.0,"NRSC VIC MODEL"
"Uttar Pradesh","Mirzapur","2022-12-13",2022,12,0.0073156536,"NRSC VIC MODEL"
"Uttar Pradesh","Mirzapur","2022-12-14",2022,12,0.0438095704,"NRSC VIC MODEL"
"Uttar Pradesh","Mirzapur","2022-12-15",2022,12,0.0,"NRSC VIC MODEL"
"Uttar Pradesh","Mirzapur","2022-12-16",2022,12,0.0156774221,"NRSC VIC MODEL"
"Uttar Pradesh","Mirzapur","2022-12-17",2022,12,0.0,"NRSC VIC MODEL"
"Uttar Pradesh","Mirzapur","2022-12-18",2022,12,0.0,"NRSC VIC MODEL"
"Uttar Pradesh","Mirzapur","2022-02-01",2022,2,0.0,"IMD GRID MODEL"
"Uttar Pradesh","Mirzapur","2022-02-02",2022,2,0.0,"IMD GRID MODEL"
"Uttar Pradesh","Mirzapur","2022-02-03",2022,2,0.0,"IMD GRID MODEL"
"Uttar Pradesh","Mirzapur","2022-02-04",2022,2,3.218789348,"IMD GRID MODEL"
"Uttar Pradesh","Mirzapur","2022-02-05",2022,2,0.02143324,"IMD GRID MODEL"
"Uttar Pradesh","Mirzapur","2022-02-06",2022,2,0.0,"IMD GRID MODEL"
"Uttar Pradesh","Mirzapur","2022-02-07",2022,2,0.0,"IMD GRID MODEL"
"Uttar Pradesh","Mirzapur","2022-02-08",2022,2,0.0,"IMD GRID MODEL"
"Uttar Pradesh","Mirzapur","2022-02-09",2022,2,0.0,"IMD GRID MODEL"
"Uttar Pradesh","Mirzapur","2022-02-10",2022,2,0.10103269,"IMD GRID MODEL"
"Uttar Pradesh","Mirzapur","2022-02-11",2022,2,0.0,"IMD GRID MODEL"
"Uttar Pradesh","Mirzapur","2022-02-12",2022,2,0.0,"IMD GRID MODEL"
"Uttar Pradesh","Mirzapur","2022-02-13",2022,2,0.0,"IMD GRID MODEL"
"Uttar Pradesh","Mirzapur","2022-02-14",2022,2,0.0,"IMD GRID MODEL"
"Uttar Pradesh","Mirzapur","2022-02-15",2022,2,0.0,"IMD GRID MODEL"
"Uttar Pradesh","Mirzapur","2022-02-16",2022,2,0.0,"IMD GRID MODEL"
"Uttar Pradesh","Mirzapur","2022-02-17",2022,2,0.0,"IMD GRID MODEL"
"Uttar Pradesh","Mirzapur","2022-02-18",2022,2,0.0,"IMD GRID MODEL"
"Uttar Pradesh","Mirzapur","2022-02-19",2022,2,0.0,"IMD GRID MODEL"
"Uttar Pradesh","Mirzapur","2022-02-20",2022,2,0.0,"IMD GRID MODEL"
"Uttar Pradesh","Mirzapur","2022-02-21",2022,2,0.0,"IMD GRID MODEL"
"Uttar Pradesh","Mirzapur","2022-02-22",2022,2,0.0,"IMD GRID MODEL"
"Uttar Pradesh","Mirzapur","2022-02-23",2022,2,0.0,"IMD GRID MODEL"
"Uttar Pradesh","Mirzapur","2022-02-24",2022,2,0.0,"IMD GRID MODEL"
"Uttar Pradesh","Mirzapur","2022-02-25",2022,2,0.73162705,"IMD GRID MODEL"
"Uttar Pradesh","Mirzapur","2022-02-26",2022,2,0.0,"IMD GRID MODEL"
"Uttar Pradesh","Mirzapur","2022-02-27",2022,2,0.048659054,"IMD GRID MODEL"
"Uttar Pradesh","Mirzapur","2022-02-28",2022,2,0.0,"IMD GRID MODEL"
"Uttar Pradesh","Mirzapur","2022-01-02",2022,1,0.0,"IMD GRID MODEL"
"Uttar Pradesh","Mirzapur","2022-01-03",2022,1,0.0,"IMD GRID MODEL"
"Uttar Pradesh","Mirzapur","2022-01-01",2022,1,0.0,"IMD GRID MODEL"
"Uttar Pradesh","Mirzapur","2022-01-04",2022,1,0.0,"IMD GRID MODEL"
"Uttar Pradesh","Mirzapur","2022-01-05",2022,1,0.0,"IMD GRID MODEL"
"Uttar Pradesh","Mirzapur","2022-01-06",2022,1,0.0,"IMD GRID MODEL"
"Uttar Pradesh","Mirzapur","2022-01-07",2022,1,2.437019044,"IMD GRID MODEL"
"Uttar Pradesh","Mirzapur","2022-01-08",2022,1,0.117685511,"IMD GRID MODEL"
"Uttar Pradesh","Mirzapur","2022-01-09",2022,1,2.332669655,"IMD GRID MODEL"
"Uttar Pradesh","Mirzapur","2022-01-10",2022,1,4.043616494,"IMD GRID MODEL"
"Uttar Pradesh","Mirzapur","2022-01-11",2022,1,0.232708674,"IMD GRID MODEL"
"Uttar Pradesh","Mirzapur","2022-01-12",2022,1,0.11563109,"IMD GRID MODEL"
"Uttar Pradesh","Mirzapur","2022-01-13",2022,1,0.0,"IMD GRID MODEL"
"Uttar Pradesh","Mirzapur","2022-01-14",2022,1,0.0,"IMD GRID MODEL"
"Uttar Pradesh","Mirzapur","2022-01-15",2022,1,0.0,"IMD GRID MODEL"
"Uttar Pradesh","Mirzapur","2022-01-16",2022,1,0.0,"IMD GRID MODEL"
"Uttar Pradesh","Mirzapur","2022-01-17",2022,1,0.0,"IMD GRID MODEL"
"Uttar Pradesh","Mirzapur","2022-01-18",2022,1,0.0,"IMD GRID MODEL"
"Uttar Pradesh","Mirzapur","2022-01-19",2022,1,0.0,"IMD GRID MODEL"
"Uttar Pradesh","Mirzapur","2022-01-20",2022,1,0.0,"IMD GRID MODEL"
"Uttar Pradesh","Mirzapur","2022-01-21",2022,1,0.022740506,"IMD GRID MODEL"
"Uttar Pradesh","Mirzapur","2022-01-22",2022,1,0.0,"IMD GRID MODEL"
"Uttar Pradesh","Mirzapur","2022-01-23",2022,1,9.077366152,"IMD GRID MODEL"
"Uttar Pradesh","Mirzapur","2022-01-24",2022,1,1.358572481,"IMD GRID MODEL"
"Uttar Pradesh","Mirzapur","2022-01-25",2022,1,0.014007579,"IMD GRID MODEL"
"Uttar Pradesh","Mirzapur","2022-01-26",2022,1,0.0,"IMD GRID MODEL"
"Uttar Pradesh","Mirzapur","2022-01-27",2022,1,0.0,"IMD GRID MODEL"
"Uttar Pradesh","Mirzapur","2022-01-28",2022,1,0.0,"IMD GRID MODEL"
"Uttar Pradesh","Mirzapur","2022-01-29",2022,1,0.0,"IMD GRID MODEL"
"Uttar Pradesh","Mirzapur","2022-01-30",2022,1,0.0,"IMD GRID MODEL"
"Uttar Pradesh","Mirzapur","2022-01-31",2022,1,0.0,"IMD GRID MODEL"
"Uttar Pradesh","Mirzapur","2022-07-01",2022,7,2.186160768,"IMD GRID MODEL"
"Uttar Pradesh","Mirzapur","2022-07-02",2022,7,3.016303309,"IMD GRID MODEL"
"Uttar Pradesh","Mirzapur","2022-07-03",2022,7,10.49930229,"IMD GRID MODEL"
"Uttar Pradesh","Mirzapur","2022-07-04",2022,7,20.44333166,"IMD GRID MODEL"
"Uttar Pradesh","Mirzapur","2022-07-05",2022,7,0.570737783,"IMD GRID MODEL"
"Uttar Pradesh","Mirzapur","2022-07-06",2022,7,0.0,"IMD GRID MODEL"
"Uttar Pradesh","Mirzapur","2022-07-07",2022,7,0.0,"IMD GRID MODEL"
"Uttar Pradesh","Mirzapur","2022-07-08",2022,7,0.0,"IMD GRID MODEL"
"Uttar Pradesh","Mirzapur","2022-07-09",2022,7,0.0,"IMD GRID MODEL"
"Uttar Pradesh","Mirzapur","2022-07-10",2022,7,0.0,"IMD GRID MODEL"
"Uttar Pradesh","Mirzapur","2022-07-11",2022,7,0.0,"IMD GRID MODEL"
"Uttar Pradesh","Mirzapur","2022-07-12",2022,7,0.0,"IMD GRID MODEL"
"Uttar Pradesh","Mirzapur","2022-07-13",2022,7,0.0,"IMD GRID MODEL"
"Uttar Pradesh","Mirzapur","2022-07-14",2022,7,0.101313971,"IMD GRID MODEL"
"Uttar Pradesh","Mirzapur","2022-07-15",2022,7,0.00265254,"IMD GRID MODEL"
"Uttar Pradesh","Mirzapur","2022-07-16",2022,7,0.751725865,"IMD GRID MODEL"
"Uttar Pradesh","Mirzapur","2022-07-17",2022,7,0.007957619,"IMD GRID MODEL"
"Uttar Pradesh","Mirzapur","2022-07-18",2022,7,0.0,"IMD GRID MODEL"
"Uttar Pradesh","Mirzapur","2022-07-19",2022,7,0.0,"IMD GRID MODEL"
"Uttar Pradesh","Mirzapur","2022-07-20",2022,7,0.038533904,"IMD GRID MODEL"
"Uttar Pradesh","Mirzapur","2022-07-21",2022,7,35.40249369,"IMD GRID MODEL"
"Uttar Pradesh","Mirzapur","2022-07-22",2022,7,1.760555667,"IMD GRID MODEL"
"Uttar Pradesh","Mirzapur","2022-07-23",2022,7,7.918985985,"IMD GRID MODEL"
"Uttar Pradesh","Mirzapur","2022-07-24",2022,7,6.269112837,"IMD GRID MODEL"
"Uttar Pradesh","Mirzapur","2022-07-25",2022,7,32.49330637,"IMD GRID MODEL"
"Uttar Pradesh","Mirzapur","2022-07-26",2022,7,16.78030816,"IMD GRID MODEL"
"Uttar Pradesh","Mirzapur","2022-07-27",2022,7,7.721458846,"IMD GRID MODEL"
"Uttar Pradesh","Mirzapur","2022-07-28",2022,7,5.600788813,"IMD GRID MODEL"
"Uttar Pradesh","Mirzapur","2022-07-29",2022,7,8.144578678,"IMD GRID MODEL"
"Uttar Pradesh","Mirzapur","2022-06-01",2022,6,0.0,"IMD GRID MODEL"
"Uttar Pradesh","Mirzapur","2022-06-02",2022,6,0.004470026,"IMD GRID MODEL"
"Uttar Pradesh","Mirzapur","2022-06-03",2022,6,0.0,"IMD GRID MODEL"
"Uttar Pradesh","Mirzapur","2022-06-04",2022,6,0.0,"IMD GRID MODEL"
"Uttar Pradesh","Mirzapur","2022-06-05",2022,6,0.0,"IMD GRID MODEL"
"Uttar Pradesh","Mirzapur","2022-06-06",2022,6,0.0,"IMD GRID MODEL"
"Uttar Pradesh","Mirzapur","2022-06-07",2022,6,0.0,"IMD GRID MODEL"
"Uttar Pradesh","Mirzapur","2022-06-08",2022,6,0.0,"IMD GRID MODEL"
"Uttar Pradesh","Mirzapur","2022-06-09",2022,6,0.0,"IMD GRID MODEL"
"Uttar Pradesh","Mirzapur","2022-06-10",2022,6,0.0,"IMD GRID MODEL"
"Uttar Pradesh","Mirzapur","2022-06-11",2022,6,0.0,"IMD GRID MODEL"
"Uttar Pradesh","Mirzapur","2022-06-12",2022,6,0.0,"IMD GRID MODEL"
"Uttar Pradesh","Mirzapur","2022-06-13",2022,6,0.0,"IMD GRID MODEL"
"Uttar Pradesh","Mirzapur","2022-06-14",2022,6,1.024623689,"IMD GRID MODEL"
"Uttar Pradesh","Mirzapur","2022-06-15",2022,6,0.0,"IMD GRID MODEL"
"Uttar Pradesh","Mirzapur","2022-06-16",2022,6,0.0,"IMD GRID MODEL"
"Uttar Pradesh","Mirzapur","2022-06-17",2022,6,0.001453985,"IMD GRID MODEL"
"Uttar Pradesh","Mirzapur","2022-06-18",2022,6,1.034152218,"IMD GRID MODEL"
"Uttar Pradesh","Mirzapur","2022-06-19",2022,6,12.63580063,"IMD GRID MODEL"
"Uttar Pradesh","Mirzapur","2022-06-20",2022,6,10.90858574,"IMD GRID MODEL"
"Uttar Pradesh","Mirzapur","2022-06-21",2022,6,0.008453826,"IMD GRID MODEL"
"Uttar Pradesh","Mirzapur","2022-06-22",2022,6,0.0,"IMD GRID MODEL"
"Uttar Pradesh","Mirzapur","2022-06-23",2022,6,1.978383521,"IMD GRID MODEL"
"Uttar Pradesh","Mirzapur","2022-06-24",2022,6,9.919663832,"IMD GRID MODEL"
"Uttar Pradesh","Mirzapur","2022-06-25",2022,6,0.351570285,"IMD GRID MODEL"
"Uttar Pradesh","Mirzapur","2022-06-26",2022,6,1.889335416,"IMD GRID MODEL"
"Uttar Pradesh","Mirzapur","2022-06-27",2022,6,2.170139152,"IMD GRID MODEL"
"Uttar Pradesh","Mirzapur","2022-06-28",2022,6,0.235291152,"IMD GRID MODEL"
"Uttar Pradesh","Mirzapur","2022-06-29",2022,6,17.55147955,"IMD GRID MODEL"
"Uttar Pradesh","Mirzapur","2022-06-30",2022,6,20.98015973,"IMD GRID MODEL"
"Uttar Pradesh","Mirzapur","2022-03-08",2022,3,0.0,"IMD GRID MODEL"
"Uttar Pradesh","Mirzapur","2022-03-09",2022,3,0.0,"IMD GRID MODEL"
"Uttar Pradesh","Mirzapur","2022-03-10",2022,3,0.0,"IMD GRID MODEL"
"Uttar Pradesh","Mirzapur","2022-03-11",2022,3,0.0,"IMD GRID MODEL"
"Uttar Pradesh","Mirzapur","2022-03-12",2022,3,0.0,"IMD GRID MODEL"
"Uttar Pradesh","Mirzapur","2022-03-13",2022,3,0.0,"IMD GRID MODEL"
"Uttar Pradesh","Mirzapur","2022-03-14",2022,3,0.0,"IMD GRID MODEL"
"Uttar Pradesh","Mirzapur","2022-03-15",2022,3,0.0,"IMD GRID MODEL"
"Uttar Pradesh","Mirzapur","2022-03-16",2022,3,0.0,"IMD GRID MODEL"
"Uttar Pradesh","Mirzapur","2022-03-17",2022,3,0.0,"IMD GRID MODEL"
"Uttar Pradesh","Mirzapur","2022-03-18",2022,3,0.0,"IMD GRID MODEL"
"Uttar Pradesh","Mirzapur","2022-03-19",2022,3,0.0,"IMD GRID MODEL"
"Uttar Pradesh","Mirzapur","2022-03-20",2022,3,0.0,"IMD GRID MODEL"
"Uttar Pradesh","Mirzapur","2022-03-21",2022,3,0.0,"IMD GRID MODEL"
"Uttar Pradesh","Mirzapur","2022-03-22",2022,3,0.0,"IMD GRID MODEL"
"Uttar Pradesh","Mirzapur","2022-03-23",2022,3,0.0,"IMD GRID MODEL"
"Uttar Pradesh","Mirzapur","2022-03-24",2022,3,0.0,"IMD GRID MODEL"
"Uttar Pradesh","Mirzapur","2022-03-25",2022,3,0.0,"IMD GRID MODEL"
"Uttar Pradesh","Mirzapur","2022-03-26",2022,3,0.0,"IMD GRID MODEL"
"Uttar Pradesh","Mirzapur","2022-03-27",2022,3,0.0,"IMD GRID MODEL"
"Uttar Pradesh","Mirzapur","2022-03-28",2022,3,0.0,"IMD GRID MODEL"
"Uttar Pradesh","Mirzapur","2022-03-30",2022,3,0.0,"IMD GRID MODEL"
"Uttar Pradesh","Mirzapur","2022-03-31",2022,3,0.0,"IMD GRID MODEL"
"Uttar Pradesh","Mirzapur","2022-03-29",2022,3,0.0,"IMD GRID MODEL"
"Uttar Pradesh","Mirzapur","2022-03-01",2022,3,0.0,"IMD GRID MODEL"
"Uttar Pradesh","Mirzapur","2022-03-02",2022,3,0.0,"IMD GRID MODEL"
"Uttar Pradesh","Mirzapur","2022-03-03",2022,3,0.0,"IMD GRID MODEL"
"Uttar Pradesh","Mirzapur","2022-03-04",2022,3,0.0,"IMD GRID MODEL"
"Uttar Pradesh","Mirzapur","2022-03-05",2022,3,0.0,"IMD GRID MODEL"
"Uttar Pradesh","Mirzapur","2022-03-06",2022,3,0.0,"IMD GRID MODEL"
"Uttar Pradesh","Mirzapur","2022-03-07",2022,3,0.0,"IMD GRID MODEL"
"Uttar Pradesh","Mirzapur","2022-05-02",2022,5,0.0,"IMD GRID MODEL"
"Uttar Pradesh","Mirzapur","2022-05-03",2022,5,0.0,"IMD GRID MODEL"
"Uttar Pradesh","Mirzapur","2022-05-01",2022,5,0.0,"IMD GRID MODEL"
"Uttar Pradesh","Mirzapur","2022-05-04",2022,5,0.0,"IMD GRID MODEL"
"Uttar Pradesh","Mirzapur","2022-05-05",2022,5,0.545095485,"IMD GRID MODEL"
"Uttar Pradesh","Mirzapur","2022-05-06",2022,5,0.022055804,"IMD GRID MODEL"
"Uttar Pradesh","Mirzapur","2022-05-07",2022,5,0.0,"IMD GRID MODEL"
"Uttar Pradesh","Mirzapur","2022-05-08",2022,5,0.0,"IMD GRID MODEL"
"Uttar Pradesh","Mirzapur","2022-05-09",2022,5,0.0,"IMD GRID MODEL"
"Uttar Pradesh","Mirzapur","2022-05-10",2022,5,0.0,"IMD GRID MODEL"
"Uttar Pradesh","Mirzapur","2022-05-11",2022,5,0.0,"IMD GRID MODEL"
"Uttar Pradesh","Mirzapur","2022-05-12",2022,5,0.064726241,"IMD GRID MODEL"
"Uttar Pradesh","Mirzapur","2022-05-13",2022,5,0.00076629,"IMD GRID MODEL"
"Uttar Pradesh","Mirzapur","2022-05-14",2022,5,0.0,"IMD GRID MODEL"
"Uttar Pradesh","Mirzapur","2022-05-15",2022,5,0.0,"IMD GRID MODEL"
"Uttar Pradesh","Mirzapur","2022-05-16",2022,5,0.0,"IMD GRID MODEL"
"Uttar Pradesh","Mirzapur","2022-05-17",2022,5,0.0,"IMD GRID MODEL"
"Uttar Pradesh","Mirzapur","2022-05-18",2022,5,0.0,"IMD GRID MODEL"
"Uttar Pradesh","Mirzapur","2022-05-19",2022,5,0.0,"IMD GRID MODEL"
"Uttar Pradesh","Mirzapur","2022-05-20",2022,5,0.0,"IMD GRID MODEL"
"Uttar Pradesh","Mirzapur","2022-05-21",2022,5,0.161099267,"IMD GRID MODEL"
"Uttar Pradesh","Mirzapur","2022-05-22",2022,5,0.025636307,"IMD GRID MODEL"
"Uttar Pradesh","Mirzapur","2022-05-23",2022,5,0.327232117,"IMD GRID MODEL"
"Uttar Pradesh","Mirzapur","2022-05-24",2022,5,7.810408125,"IMD GRID MODEL"
"Uttar Pradesh","Mirzapur","2022-05-25",2022,5,0.0,"IMD GRID MODEL"
"Uttar Pradesh","Mirzapur","2022-05-26",2022,5,0.0,"IMD GRID MODEL"
"Uttar Pradesh","Mirzapur","2022-05-27",2022,5,0.127401358,"IMD GRID MODEL"
"Uttar Pradesh","Mirzapur","2022-05-28",2022,5,0.712613896,"IMD GRID MODEL"
"Uttar Pradesh","Mirzapur","2022-05-29",2022,5,0.253958256,"IMD GRID MODEL"
"Uttar Pradesh","Mirzapur","2022-05-30",2022,5,0.0,"IMD GRID MODEL"
"Uttar Pradesh","Mirzapur","2022-05-31",2022,5,0.0,"IMD GRID MODEL"
"Uttar Pradesh","Mirzapur","2022-11-01",2022,11,0.0,"NRSC VIC MODEL"
"Uttar Pradesh","Mirzapur","2022-11-02",2022,11,0.0,"NRSC VIC MODEL"
"Uttar Pradesh","Mirzapur","2022-11-03",2022,11,0.0,"NRSC VIC MODEL"
"Uttar Pradesh","Mirzapur","2022-11-04",2022,11,0.0,"NRSC VIC MODEL"
"Uttar Pradesh","Mirzapur","2022-11-05",2022,11,0.0,"NRSC VIC MODEL"
"Uttar Pradesh","Mirzapur","2022-11-06",2022,11,0.0,"NRSC VIC MODEL"
"Uttar Pradesh","Mirzapur","2022-11-07",2022,11,0.0,"NRSC VIC MODEL"
"Uttar Pradesh","Mirzapur","2022-11-08",2022,11,0.0,"NRSC VIC MODEL"
"Uttar Pradesh","Mirzapur","2022-11-09",2022,11,0.0,"NRSC VIC MODEL"
"Uttar Pradesh","Mirzapur","2022-11-10",2022,11,0.0,"NRSC VIC MODEL"
"Uttar Pradesh","Mirzapur","2022-11-11",2022,11,0.0,"NRSC VIC MODEL"
"Uttar Pradesh","Mirzapur","2022-11-12",2022,11,0.0,"NRSC VIC MODEL"
"Uttar Pradesh","Mirzapur","2022-11-13",2022,11,0.0,"NRSC VIC MODEL"
"Uttar Pradesh","Mirzapur","2022-10-01",2022,10,0.001598658,"IMD GRID MODEL"
"Uttar Pradesh","Mirzapur","2022-10-02",2022,10,0.343461705,"IMD GRID MODEL"
"Uttar Pradesh","Mirzapur","2022-10-03",2022,10,0.709442981,"IMD GRID MODEL"
"Uttar Pradesh","Mirzapur","2022-10-05",2022,10,21.83144735,"IMD GRID MODEL"
"Uttar Pradesh","Mirzapur","2022-10-04",2022,10,7.395037904,"IMD GRID MODEL"
"Uttar Pradesh","Mirzapur","2022-10-06",2022,10,16.10345863,"IMD GRID MODEL"
"Uttar Pradesh","Mirzapur","2022-10-07",2022,10,22.78585124,"IMD GRID MODEL"
"Uttar Pradesh","Mirzapur","2022-10-08",2022,10,1.390899208,"IMD GRID MODEL"
"Uttar Pradesh","Mirzapur","2022-10-09",2022,10,0.0,"IMD GRID MODEL"
"Uttar Pradesh","Mirzapur","2022-10-10",2022,10,15.94503513,"IMD GRID MODEL"
"Uttar Pradesh","Mirzapur","2022-10-11",2022,10,13.0946172,"IMD GRID MODEL"
"Uttar Pradesh","Mirzapur","2022-10-12",2022,10,0.635794166,"IMD GRID MODEL"
"Uttar Pradesh","Mirzapur","2022-10-13",2022,10,0.057984097,"IMD GRID MODEL"
"Uttar Pradesh","Mirzapur","2022-09-01",2022,9,7.416520525,"NRSC VIC MODEL"
"Uttar Pradesh","Mirzapur","2022-09-02",2022,9,13.0466158819,"NRSC VIC MODEL"
"Uttar Pradesh","Mirzapur","2022-09-03",2022,9,2.1723334184,"NRSC VIC MODEL"
"Uttar Pradesh","Mirzapur","2022-09-04",2022,9,2.7814507004,"NRSC VIC MODEL"
"Uttar Pradesh","Mirzapur","2022-09-05",2022,9,6.3769283014,"NRSC VIC MODEL"
"Uttar Pradesh","Mirzapur","2022-09-06",2022,9,0.7167026951,"NRSC VIC MODEL"
"Uttar Pradesh","Mirzapur","2022-09-07",2022,9,4.2310688671,"NRSC VIC MODEL"
"Uttar Pradesh","Mirzapur","2022-09-08",2022,9,0.313569402,"NRSC VIC MODEL"
"Uttar Pradesh","Mirzapur","2022-09-09",2022,9,2.9308590642,"NRSC VIC MODEL"
"Uttar Pradesh","Mirzapur","2022-09-10",2022,9,0.5356680474,"NRSC VIC MODEL"
"Uttar Pradesh","Mirzapur","2022-09-11",2022,9,0.3722197686,"NRSC VIC MODEL"
"Uttar Pradesh","Mirzapur","2022-09-12",2022,9,4.4856035943,"NRSC VIC MODEL"
"Uttar Pradesh","Mirzapur","2022-09-13",2022,9,7.9319946855,"NRSC VIC MODEL"
"Uttar Pradesh","Mirzapur","2022-09-14",2022,9,10.2961680401,"NRSC VIC MODEL"
"Uttar Pradesh","Mirzapur","2022-09-15",2022,9,13.9765465702,"NRSC VIC MODEL"
"Uttar Pradesh","Mirzapur","2022-09-16",2022,9,19.1676113536,"NRSC VIC MODEL"
"Uttar Pradesh","Mirzapur","2022-09-17",2022,9,3.1452183242,"NRSC VIC MODEL"
"Uttar Pradesh","Mirzapur","2022-09-18",2022,9,6.4833298206,"NRSC VIC MODEL"
"Uttar Pradesh","Mirzapur","2022-09-19",2022,9,0.6184571288,"NRSC VIC MODEL"
"Uttar Pradesh","Mirzapur","2022-09-20",2022,9,7.9176683583,"NRSC VIC MODEL"
"Uttar Pradesh","Mirzapur","2022-09-21",2022,9,32.7178816041,"NRSC VIC MODEL"
"Uttar Pradesh","Mirzapur","2022-09-22",2022,9,12.7685242996,"NRSC VIC MODEL"
"Uttar Pradesh","Mirzapur","2022-09-23",2022,9,3.8595554197,"NRSC VIC MODEL"
"Uttar Pradesh","Mirzapur","2022-09-24",2022,9,1.3771000512,"NRSC VIC MODEL"
"Uttar Pradesh","Mirzapur","2022-09-25",2022,9,0.0,"NRSC VIC MODEL"
"Uttar Pradesh","Mirzapur","2022-09-26",2022,9,1.8701693211,"NRSC VIC MODEL"
"Uttar Pradesh","Mirzapur","2022-09-27",2022,9,0.9887287274,"NRSC VIC MODEL"
"Uttar Pradesh","Mirzapur","2023-04-02",2023,4,0.8558250894,"IMD GRID MODEL"
"Uttar Pradesh","Mirzapur","2023-04-03",2023,4,0.0,"IMD GRID MODEL"
"Uttar Pradesh","Mirzapur","2023-04-04",2023,4,0.0,"IMD GRID MODEL"
"Uttar Pradesh","Mirzapur","2023-04-05",2023,4,0.0,"IMD GRID MODEL"
"Uttar Pradesh","Mirzapur","2023-04-01",2023,4,9.0757711286,"IMD GRID MODEL"
"Uttar Pradesh","Mirzapur","2023-04-06",2023,4,0.0,"IMD GRID MODEL"
"Uttar Pradesh","Mirzapur","2023-04-07",2023,4,0.0,"IMD GRID MODEL"
"Uttar Pradesh","Mirzapur","2023-04-08",2023,4,0.0,"IMD GRID MODEL"
"Uttar Pradesh","Mirzapur","2023-04-09",2023,4,0.0,"IMD GRID MODEL"
"Uttar Pradesh","Mirzapur","2023-04-10",2023,4,0.0,"IMD GRID MODEL"
"Uttar Pradesh","Mirzapur","2023-04-11",2023,4,0.0,"IMD GRID MODEL"
"Uttar Pradesh","Mirzapur","2023-04-12",2023,4,0.0,"IMD GRID MODEL"
"Uttar Pradesh","Mirzapur","2023-04-14",2023,4,0.0,"IMD GRID MODEL"
"Uttar Pradesh","Mirzapur","2023-04-15",2023,4,0.0,"IMD GRID MODEL"
"Uttar Pradesh","Mirzapur","2023-04-13",2023,4,0.0,"IMD GRID MODEL"
"Uttar Pradesh","Mirzapur","2023-04-16",2023,4,0.0,"IMD GRID MODEL"
"Uttar Pradesh","Mirzapur","2023-04-17",2023,4,0.0,"IMD GRID MODEL"
"Uttar Pradesh","Mirzapur","2023-04-18",2023,4,0.0,"IMD GRID MODEL"
"Uttar Pradesh","Mirzapur","2023-04-19",2023,4,0.0,"IMD GRID MODEL"
"Uttar Pradesh","Mirzapur","2023-04-20",2023,4,0.0,"IMD GRID MODEL"
"Uttar Pradesh","Mirzapur","2023-04-21",2023,4,0.0,"IMD GRID MODEL"
"Uttar Pradesh","Mirzapur","2023-04-22",2023,4,0.3510941947,"IMD GRID MODEL"
"Uttar Pradesh","Mirzapur","2023-04-23",2023,4,0.1156189762,"IMD GRID MODEL"
"Uttar Pradesh","Mirzapur","2023-04-24",2023,4,0.3823716284,"IMD GRID MODEL"
"Uttar Pradesh","Mirzapur","2023-04-25",2023,4,4.6424542376,"IMD GRID MODEL"
"Uttar Pradesh","Mirzapur","2023-04-26",2023,4,0.0,"IMD GRID MODEL"
"Uttar Pradesh","Mirzapur","2023-04-27",2023,4,0.2524376447,"IMD GRID MODEL"
"Uttar Pradesh","Mirzapur","2023-04-28",2023,4,0.0,"IMD GRID MODEL"
"Uttar Pradesh","Mirzapur","2023-04-29",2023,4,0.0,"IMD GRID MODEL"
"Uttar Pradesh","Mirzapur","2023-04-30",2023,4,0.0224680888,"IMD GRID MODEL"
"Uttar Pradesh","Mirzapur","2023-08-01",2023,8,3.2449412003,"NRSC VIC MODEL"
"Uttar Pradesh","Mirzapur","2023-08-02",2023,8,16.0918888307,"NRSC VIC MODEL"
"Uttar Pradesh","Mirzapur","2023-08-03",2023,8,14.0146511208,"NRSC VIC MODEL"
"Uttar Pradesh","Mirzapur","2023-08-04",2023,8,3.4726590935,"NRSC VIC MODEL"
"Uttar Pradesh","Mirzapur","2023-08-05",2023,8,0.9652686594,"NRSC VIC MODEL"
"Uttar Pradesh","Mirzapur","2023-08-06",2023,8,28.6423882887,"NRSC VIC MODEL"
"Uttar Pradesh","Mirzapur","2023-08-07",2023,8,18.8973042404,"NRSC VIC MODEL"
"Uttar Pradesh","Mirzapur","2023-08-08",2023,8,0.4374774716,"NRSC VIC MODEL"
"Uttar Pradesh","Mirzapur","2023-08-09",2023,8,1.7070685005,"NRSC VIC MODEL"
"Uttar Pradesh","Mirzapur","2023-08-10",2023,8,4.3762611695,"NRSC VIC MODEL"
"Uttar Pradesh","Mirzapur","2023-08-11",2023,8,1.9049780943,"NRSC VIC MODEL"
"Uttar Pradesh","Mirzapur","2023-08-12",2023,8,0.0307682029,"NRSC VIC MODEL"
"Uttar Pradesh","Mirzapur","2023-08-13",2023,8,0.007380803,"NRSC VIC MODEL"
"Uttar Pradesh","Mirzapur","2023-08-14",2023,8,0.0173611079,"NRSC VIC MODEL"
"Uttar Pradesh","Mirzapur","2023-08-15",2023,8,0.3266345462,"NRSC VIC MODEL"
"Uttar Pradesh","Mirzapur","2023-08-16",2023,8,1.4722067325,"NRSC VIC MODEL"
"Uttar Pradesh","Mirzapur","2023-08-17",2023,8,0.2786521003,"NRSC VIC MODEL"
"Uttar Pradesh","Mirzapur","2023-08-18",2023,8,8.1321976316,"NRSC VIC MODEL"
"Uttar Pradesh","Mirzapur","2023-08-19",2023,8,3.7576864154,"NRSC VIC MODEL"
"Uttar Pradesh","Mirzapur","2023-08-20",2023,8,1.4558341821,"NRSC VIC MODEL"
"Uttar Pradesh","Mirzapur","2023-08-21",2023,8,0.6027098445,"NRSC VIC MODEL"
"Uttar Pradesh","Mirzapur","2023-08-22",2023,8,10.0986023963,"NRSC VIC MODEL"
"Uttar Pradesh","Mirzapur","2023-08-23",2023,8,21.2872755353,"NRSC VIC MODEL"
"Uttar Pradesh","Mirzapur","2023-08-24",2023,8,9.1328081154,"NRSC VIC MODEL"
"Uttar Pradesh","Mirzapur","2023-08-25",2023,8,2.0690587762,"NRSC VIC MODEL"
"Uttar Pradesh","Mirzapur","2023-08-26",2023,8,1.0007870512,"NRSC VIC MODEL"
"Uttar Pradesh","Mirzapur","2023-08-27",2023,8,0.1548084355,"NRSC VIC MODEL"
"Uttar Pradesh","Mirzapur","2023-08-28",2023,8,0.0,"NRSC VIC MODEL"
"Uttar Pradesh","Mirzapur","2023-08-29",2023,8,0.0005310331,"NRSC VIC MODEL"
"Uttar Pradesh","Mirzapur","2023-08-30",2023,8,0.5264226044,"NRSC VIC MODEL"
"Uttar Pradesh","Mirzapur","2023-08-31",2023,8,0.6943433602,"NRSC VIC MODEL"
"Uttar Pradesh","Mirzapur","2023-02-01",2023,2,0.0,"IMD GRID MODEL"
"Uttar Pradesh","Mirzapur","2023-02-02",2023,2,0.0,"IMD GRID MODEL"
"Uttar Pradesh","Mirzapur","2023-02-03",2023,2,0.0,"IMD GRID MODEL"
"Uttar Pradesh","Mirzapur","2023-02-04",2023,2,0.0,"IMD GRID MODEL"
"Uttar Pradesh","Mirzapur","2023-02-05",2023,2,0.0,"IMD GRID MODEL"
"Uttar Pradesh","Mirzapur","2023-02-06",2023,2,0.0,"IMD GRID MODEL"
"Uttar Pradesh","Mirzapur","2023-02-07",2023,2,0.0,"IMD GRID MODEL"
"Uttar Pradesh","Mirzapur","2023-02-08",2023,2,0.0,"IMD GRID MODEL"
"Uttar Pradesh","Mirzapur","2023-02-09",2023,2,0.0,"IMD GRID MODEL"
"Uttar Pradesh","Mirzapur","2023-02-10",2023,2,0.0,"IMD GRID MODEL"
"Uttar Pradesh","Mirzapur","2023-02-11",2023,2,0.0,"IMD GRID MODEL"
"Uttar Pradesh","Mirzapur","2023-02-12",2023,2,0.0,"IMD GRID MODEL"
"Uttar Pradesh","Mirzapur","2023-02-13",2023,2,0.0,"IMD GRID MODEL"
"Uttar Pradesh","Mirzapur","2023-02-14",2023,2,0.0,"IMD GRID MODEL"
"Uttar Pradesh","Mirzapur","2023-02-15",2023,2,0.0,"IMD GRID MODEL"
"Uttar Pradesh","Mirzapur","2023-02-16",2023,2,0.0,"IMD GRID MODEL"
"Uttar Pradesh","Mirzapur","2023-02-17",2023,2,0.0,"IMD GRID MODEL"
"Uttar Pradesh","Mirzapur","2023-02-18",2023,2,0.0,"IMD GRID MODEL"
"Uttar Pradesh","Mirzapur","2023-02-19",2023,2,0.0,"IMD GRID MODEL"
"Uttar Pradesh","Mirzapur","2023-02-20",2023,2,0.0,"IMD GRID MODEL"
"Uttar Pradesh","Mirzapur","2023-02-21",2023,2,0.0,"IMD GRID MODEL"
"Uttar Pradesh","Mirzapur","2023-02-22",2023,2,0.0,"IMD GRID MODEL"
"Uttar Pradesh","Mirzapur","2023-02-23",2023,2,0.0,"IMD GRID MODEL"
"Uttar Pradesh","Mirzapur","2023-02-24",2023,2,0.0,"IMD GRID MODEL"
"Uttar Pradesh","Mirzapur","2023-02-25",2023,2,0.0,"IMD GRID MODEL"
"Uttar Pradesh","Mirzapur","2023-02-26",2023,2,0.0,"IMD GRID MODEL"
"Uttar Pradesh","Mirzapur","2023-02-27",2023,2,0.0,"IMD GRID MODEL"
"Uttar Pradesh","Mirzapur","2023-02-28",2023,2,0.0,"IMD GRID MODEL"
"Uttar Pradesh","Mirzapur","2023-01-02",2023,1,0.0,"IMD GRID MODEL"
"Uttar Pradesh","Mirzapur","2023-01-01",2023,1,0.0,"IMD GRID MODEL"
"Uttar Pradesh","Mirzapur","2023-01-03",2023,1,0.0,"IMD GRID MODEL"
"Uttar Pradesh","Mirzapur","2023-01-04",2023,1,0.0,"IMD GRID MODEL"
"Uttar Pradesh","Mirzapur","2023-01-05",2023,1,0.0,"IMD GRID MODEL"
"Uttar Pradesh","Mirzapur","2023-01-06",2023,1,0.0,"IMD GRID MODEL"
"Uttar Pradesh","Mirzapur","2023-01-07",2023,1,0.0,"IMD GRID MODEL"
"Uttar Pradesh","Mirzapur","2023-01-08",2023,1,0.0,"IMD GRID MODEL"
"Uttar Pradesh","Mirzapur","2023-01-09",2023,1,0.0,"IMD GRID MODEL"
"Uttar Pradesh","Mirzapur","2023-01-10",2023,1,0.0,"IMD GRID MODEL"
"Uttar Pradesh","Mirzapur","2023-01-11",2023,1,0.0,"IMD GRID MODEL"
"Uttar Pradesh","Mirzapur","2023-01-12",2023,1,0.0,"IMD GRID MODEL"
"Uttar Pradesh","Mirzapur","2023-01-13",2023,1,0.0,"IMD GRID MODEL"
"Uttar Pradesh","Mirzapur","2023-01-14",2023,1,0.0,"IMD GRID MODEL"
"Uttar Pradesh","Mirzapur","2023-01-15",2023,1,0.0,"IMD GRID MODEL"
"Uttar Pradesh","Mirzapur","2023-01-16",2023,1,0.0,"IMD GRID MODEL"
"Uttar Pradesh","Mirzapur","2023-01-17",2023,1,0.0,"IMD GRID MODEL"
"Uttar Pradesh","Mirzapur","2023-01-18",2023,1,0.0,"IMD GRID MODEL"
"Uttar Pradesh","Mirzapur","2023-01-19",2023,1,0.0,"IMD GRID MODEL"
"Uttar Pradesh","Mirzapur","2023-01-20",2023,1,0.0,"IMD GRID MODEL"
"Uttar Pradesh","Mirzapur","2023-01-21",2023,1,0.9583047873,"IMD GRID MODEL"
"Uttar Pradesh","Mirzapur","2023-01-22",2023,1,0.0702494788,"IMD GRID MODEL"
"Uttar Pradesh","Mirzapur","2023-01-23",2023,1,0.1307892987,"IMD GRID MODEL"
"Uttar Pradesh","Mirzapur","2023-01-24",2023,1,0.0,"IMD GRID MODEL"
"Uttar Pradesh","Mirzapur","2023-01-26",2023,1,0.2101658107,"IMD GRID MODEL"
"Uttar Pradesh","Mirzapur","2023-01-27",2023,1,0.0294077389,"IMD GRID MODEL"
"Uttar Pradesh","Mirzapur","2023-01-25",2023,1,0.0,"IMD GRID MODEL"
"Uttar Pradesh","Mirzapur","2023-01-28",2023,1,0.0,"IMD GRID MODEL"
"Uttar Pradesh","Mirzapur","2023-01-29",2023,1,0.0,"IMD GRID MODEL"
"Uttar Pradesh","Mirzapur","2023-01-30",2023,1,0.0,"IMD GRID MODEL"
"Uttar Pradesh","Mirzapur","2023-01-31",2023,1,0.0,"IMD GRID MODEL"
"Uttar Pradesh","Mirzapur","2023-07-02",2023,7,14.9119364263,"IMD GRID MODEL"
"Uttar Pradesh","Mirzapur","2023-07-03",2023,7,2.634706077,"IMD GRID MODEL"
"Uttar Pradesh","Mirzapur","2023-07-04",2023,7,0.9298045301,"IMD GRID MODEL"
"Uttar Pradesh","Mirzapur","2023-07-07",2023,7,1.5679269038,"IMD GRID MODEL"
"Uttar Pradesh","Mirzapur","2023-07-05",2023,7,6.152029805,"IMD GRID MODEL"
"Uttar Pradesh","Mirzapur","2023-07-06",2023,7,1.5502635283,"IMD GRID MODEL"
"Uttar Pradesh","Mirzapur","2023-07-08",2023,7,5.7697932571,"IMD GRID MODEL"
"Uttar Pradesh","Mirzapur","2023-07-09",2023,7,4.0430741344,"IMD GRID MODEL"
"Uttar Pradesh","Mirzapur","2023-07-10",2023,7,5.7565189672,"IMD GRID MODEL"
"Uttar Pradesh","Mirzapur","2023-07-11",2023,7,5.6507540015,"IMD GRID MODEL"
"Uttar Pradesh","Mirzapur","2023-07-12",2023,7,5.3606278181,"IMD GRID MODEL"
"Uttar Pradesh","Mirzapur","2023-07-13",2023,7,0.2389483768,"IMD GRID MODEL"
"Uttar Pradesh","Mirzapur","2023-07-14",2023,7,0.0892328087,"IMD GRID MODEL"
"Uttar Pradesh","Mirzapur","2023-07-15",2023,7,32.4483986517,"IMD GRID MODEL"
"Uttar Pradesh","Mirzapur","2023-07-16",2023,7,9.7361555792,"IMD GRID MODEL"
"Uttar Pradesh","Mirzapur","2023-07-17",2023,7,6.1868575311,"IMD GRID MODEL"
"Uttar Pradesh","Mirzapur","2023-07-18",2023,7,0.1867385143,"IMD GRID MODEL"
"Uttar Pradesh","Mirzapur","2023-07-19",2023,7,0.0808712819,"IMD GRID MODEL"
"Uttar Pradesh","Mirzapur","2023-07-20",2023,7,0.0,"IMD GRID MODEL"
"Uttar Pradesh","Mirzapur","2023-07-21",2023,7,0.0,"IMD GRID MODEL"
"Uttar Pradesh","Mirzapur","2023-07-23",2023,7,7.0384049167,"IMD GRID MODEL"
"Uttar Pradesh","Mirzapur","2023-07-22",2023,7,0.0487535525,"IMD GRID MODEL"
"Uttar Pradesh","Mirzapur","2023-07-01",2023,7,15.3838512774,"IMD GRID MODEL"
"Uttar Pradesh","Mirzapur","2023-06-01",2023,6,0.0,"IMD GRID MODEL"
"Uttar Pradesh","Mirzapur","2023-06-02",2023,6,0.0,"IMD GRID MODEL"
"Uttar Pradesh","Mirzapur","2023-06-03",2023,6,0.0,"IMD GRID MODEL"
"Uttar Pradesh","Mirzapur","2023-06-04",2023,6,0.0,"IMD GRID MODEL"
"Uttar Pradesh","Mirzapur","2023-06-05",2023,6,0.0,"IMD GRID MODEL"
"Uttar Pradesh","Mirzapur","2023-06-06",2023,6,0.1397148051,"IMD GRID MODEL"
"Uttar Pradesh","Mirzapur","2023-06-07",2023,6,0.0,"IMD GRID MODEL"
"Uttar Pradesh","Mirzapur","2023-06-08",2023,6,0.0,"IMD GRID MODEL"
"Uttar Pradesh","Mirzapur","2023-06-09",2023,6,0.0,"IMD GRID MODEL"
"Uttar Pradesh","Mirzapur","2023-06-10",2023,6,0.0,"IMD GRID MODEL"
"Uttar Pradesh","Mirzapur","2023-06-11",2023,6,0.0,"IMD GRID MODEL"
"Uttar Pradesh","Mirzapur","2023-06-12",2023,6,0.0,"IMD GRID MODEL"
"Uttar Pradesh","Mirzapur","2023-06-13",2023,6,0.0,"IMD GRID MODEL"
"Uttar Pradesh","Mirzapur","2023-06-14",2023,6,0.0480049458,"IMD GRID MODEL"
"Uttar Pradesh","Mirzapur","2023-06-15",2023,6,0.0,"IMD GRID MODEL"
"Uttar Pradesh","Mirzapur","2023-06-16",2023,6,0.0,"IMD GRID MODEL"
"Uttar Pradesh","Mirzapur","2023-06-17",2023,6,0.0,"IMD GRID MODEL"
"Uttar Pradesh","Mirzapur","2023-06-18",2023,6,0.0,"IMD GRID MODEL"
"Uttar Pradesh","Mirzapur","2023-06-19",2023,6,0.0,"IMD GRID MODEL"
"Uttar Pradesh","Mirzapur","2023-06-20",2023,6,0.002433215,"IMD GRID MODEL"
"Uttar Pradesh","Mirzapur","2023-06-21",2023,6,0.0073519347,"IMD GRID MODEL"
"Uttar Pradesh","Mirzapur","2023-06-22",2023,6,2.1763029729,"IMD GRID MODEL"
"Uttar Pradesh","Mirzapur","2023-06-23",2023,6,5.255838026,"IMD GRID MODEL"
"Uttar Pradesh","Mirzapur","2023-06-24",2023,6,3.1081620019,"IMD GRID MODEL"
"Uttar Pradesh","Mirzapur","2023-06-25",2023,6,17.6223554014,"IMD GRID MODEL"
"Uttar Pradesh","Mirzapur","2023-06-26",2023,6,0.764948466,"IMD GRID MODEL"
"Uttar Pradesh","Mirzapur","2023-06-27",2023,6,0.4738685622,"IMD GRID MODEL"
"Uttar Pradesh","Mirzapur","2023-06-28",2023,6,2.4507752449,"IMD GRID MODEL"
"Uttar Pradesh","Mirzapur","2023-06-29",2023,6,6.2618200707,"IMD GRID MODEL"
"Uttar Pradesh","Mirzapur","2023-06-30",2023,6,24.4340774666,"IMD GRID MODEL"
"Uttar Pradesh","Mirzapur","2023-03-01",2023,3,0.0,"IMD GRID MODEL"
"Uttar Pradesh","Mirzapur","2023-03-02",2023,3,0.0,"IMD GRID MODEL"
"Uttar Pradesh","Mirzapur","2023-03-03",2023,3,0.0,"IMD GRID MODEL"
"Uttar Pradesh","Mirzapur","2023-03-04",2023,3,0.0,"IMD GRID MODEL"
"Uttar Pradesh","Mirzapur","2023-03-05",2023,3,0.0,"IMD GRID MODEL"
"Uttar Pradesh","Mirzapur","2023-03-06",2023,3,0.0,"IMD GRID MODEL"
"Uttar Pradesh","Mirzapur","2023-03-07",2023,3,0.0,"IMD GRID MODEL"
"Uttar Pradesh","Mirzapur","2023-03-09",2023,3,0.0,"IMD GRID MODEL"
"Uttar Pradesh","Mirzapur","2023-03-10",2023,3,0.1120288814,"IMD GRID MODEL"
"Uttar Pradesh","Mirzapur","2023-03-08",2023,3,0.0788652606,"IMD GRID MODEL"
"Uttar Pradesh","Mirzapur","2023-03-11",2023,3,0.0,"IMD GRID MODEL"
"Uttar Pradesh","Mirzapur","2023-03-12",2023,3,0.0,"IMD GRID MODEL"
"Uttar Pradesh","Mirzapur","2023-03-13",2023,3,0.0,"IMD GRID MODEL"
"Uttar Pradesh","Mirzapur","2023-03-14",2023,3,0.0,"IMD GRID MODEL"
"Uttar Pradesh","Mirzapur","2023-03-15",2023,3,0.0,"IMD GRID MODEL"
"Uttar Pradesh","Mirzapur","2023-03-16",2023,3,0.0,"IMD GRID MODEL"
"Uttar Pradesh","Mirzapur","2023-03-17",2023,3,0.0655714193,"IMD GRID MODEL"
"Uttar Pradesh","Mirzapur","2023-03-18",2023,3,0.0032442867,"IMD GRID MODEL"
"Uttar Pradesh","Mirzapur","2023-03-19",2023,3,11.266979107,"IMD GRID MODEL"
"Uttar Pradesh","Mirzapur","2023-03-20",2023,3,11.08675536,"IMD GRID MODEL"
"Uttar Pradesh","Mirzapur","2023-03-21",2023,3,0.2030458709,"IMD GRID MODEL"
"Uttar Pradesh","Mirzapur","2023-03-23",2023,3,0.0,"IMD GRID MODEL"
"Uttar Pradesh","Mirzapur","2023-03-24",2023,3,0.0,"IMD GRID MODEL"
"Uttar Pradesh","Mirzapur","2023-03-22",2023,3,9.436918064,"IMD GRID MODEL"
"Uttar Pradesh","Mirzapur","2023-03-25",2023,3,0.0,"IMD GRID MODEL"
"Uttar Pradesh","Mirzapur","2023-03-26",2023,3,0.0,"IMD GRID MODEL"
"Uttar Pradesh","Mirzapur","2023-03-27",2023,3,2.5070331091,"IMD GRID MODEL"
"Uttar Pradesh","Mirzapur","2023-03-28",2023,3,0.0,"IMD GRID MODEL"
"Uttar Pradesh","Mirzapur","2023-03-29",2023,3,0.0,"IMD GRID MODEL"
"Uttar Pradesh","Mirzapur","2023-03-30",2023,3,0.0,"IMD GRID MODEL"
"Uttar Pradesh","Mirzapur","2023-03-31",2023,3,1.0354851008,"IMD GRID MODEL"
"Uttar Pradesh","Mirzapur","2023-05-01",2023,5,0.028969647,"IMD GRID MODEL"
"Uttar Pradesh","Mirzapur","2023-05-02",2023,5,9.0572713126,"IMD GRID MODEL"
"Uttar Pradesh","Mirzapur","2023-05-03",2023,5,0.3062503281,"IMD GRID MODEL"
"Uttar Pradesh","Mirzapur","2023-05-04",2023,5,1.6298450285,"IMD GRID MODEL"
"Uttar Pradesh","Mirzapur","2023-05-05",2023,5,0.0408548449,"IMD GRID MODEL"
"Uttar Pradesh","Mirzapur","2023-05-06",2023,5,0.0,"IMD GRID MODEL"
"Uttar Pradesh","Mirzapur","2023-05-07",2023,5,0.0,"IMD GRID MODEL"
"Uttar Pradesh","Mirzapur","2023-05-08",2023,5,0.0,"IMD GRID MODEL"
"Uttar Pradesh","Mirzapur","2023-05-09",2023,5,0.0,"IMD GRID MODEL"
"Uttar Pradesh","Mirzapur","2023-05-10",2023,5,0.0,"IMD GRID MODEL"
"Uttar Pradesh","Mirzapur","2023-05-11",2023,5,0.0,"IMD GRID MODEL"
"Uttar Pradesh","Mirzapur","2023-05-12",2023,5,0.0,"IMD GRID MODEL"
"Uttar Pradesh","Mirzapur","2023-05-13",2023,5,0.0,"IMD GRID MODEL"
"Uttar Pradesh","Mirzapur","2023-05-14",2023,5,0.0,"IMD GRID MODEL"
"Uttar Pradesh","Mirzapur","2023-05-15",2023,5,0.0,"IMD GRID MODEL"
"Uttar Pradesh","Mirzapur","2023-05-16",2023,5,0.0,"IMD GRID MODEL"
"Uttar Pradesh","Mirzapur","2023-05-17",2023,5,0.0,"IMD GRID MODEL"
"Uttar Pradesh","Mirzapur","2023-05-18",2023,5,0.0,"IMD GRID MODEL"
"Uttar Pradesh","Mirzapur","2023-05-19",2023,5,0.0,"IMD GRID MODEL"
"Uttar Pradesh","Mirzapur","2023-05-20",2023,5,0.0,"IMD GRID MODEL"
"Uttar Pradesh","Mirzapur","2023-05-21",2023,5,0.0,"IMD GRID MODEL"
"Uttar Pradesh","Mirzapur","2023-05-22",2023,5,0.0,"IMD GRID MODEL"
"Uttar Pradesh","Mirzapur","2023-05-23",2023,5,0.0,"IMD GRID MODEL"
"Uttar Pradesh","Mirzapur","2023-05-24",2023,5,0.0220211748,"IMD GRID MODEL"
"Uttar Pradesh","Mirzapur","2023-05-25",2023,5,0.0229294668,"IMD GRID MODEL"
"Uttar Pradesh","Mirzapur","2023-05-26",2023,5,2.7511904996,"IMD GRID MODEL"
"Uttar Pradesh","Mirzapur","2023-05-27",2023,5,2.0567040142,"IMD GRID MODEL"
"Uttar Pradesh","Mirzapur","2023-05-28",2023,5,0.0,"IMD GRID MODEL"
"Uttar Pradesh","Mirzapur","2023-05-29",2023,5,0.4310950808,"IMD GRID MODEL"
"Uttar Pradesh","Mirzapur","2023-05-30",2023,5,0.7299226809,"IMD GRID MODEL"
"Uttar Pradesh","Mirzapur","2023-05-31",2023,5,0.0024265856,"IMD GRID MODEL"
"Uttar Pradesh","Mirzapur","2023-11-01",2023,11,0.0180330479,"NRSC VIC MODEL"
"Uttar Pradesh","Mirzapur","2023-11-02",2023,11,0.005607575,"NRSC VIC MODEL"
"Uttar Pradesh","Mirzapur","2023-11-03",2023,11,0.0,"NRSC VIC MODEL"
"Uttar Pradesh","Mirzapur","2023-11-04",2023,11,0.0,"NRSC VIC MODEL"
"Uttar Pradesh","Mirzapur","2023-11-05",2023,11,0.0,"NRSC VIC MODEL"
"Uttar Pradesh","Mirzapur","2023-11-06",2023,11,0.0,"NRSC VIC MODEL"
"Uttar Pradesh","Mirzapur","2023-11-07",2023,11,0.0331697294,"NRSC VIC MODEL"
"Uttar Pradesh","Mirzapur","2023-11-08",2023,11,0.0,"NRSC VIC MODEL"
"Uttar Pradesh","Mirzapur","2023-11-09",2023,11,0.0,"NRSC VIC MODEL"
"Uttar Pradesh","Mirzapur","2023-11-10",2023,11,0.0,"NRSC VIC MODEL"
"Uttar Pradesh","Mirzapur","2023-11-11",2023,11,0.0,"NRSC VIC MODEL"
"Uttar Pradesh","Mirzapur","2023-11-12",2023,11,0.0,"NRSC VIC MODEL"
"Uttar Pradesh","Mirzapur","2023-11-13",2023,11,0.0,"NRSC VIC MODEL"
"Uttar Pradesh","Mirzapur","2023-11-14",2023,11,0.0,"NRSC VIC MODEL"
"Uttar Pradesh","Mirzapur","2023-11-15",2023,11,4.893e-07,"NRSC VIC MODEL"
"Uttar Pradesh","Mirzapur","2023-11-16",2023,11,0.0,"NRSC VIC MODEL"
"Uttar Pradesh","Mirzapur","2023-11-17",2023,11,0.0,"NRSC VIC MODEL"
"Uttar Pradesh","Mirzapur","2023-11-18",2023,11,0.0,"NRSC VIC MODEL"
"Uttar Pradesh","Mirzapur","2023-11-19",2023,11,0.0,"NRSC VIC MODEL"
"Uttar Pradesh","Mirzapur","2023-11-20",2023,11,0.0,"NRSC VIC MODEL"
"Uttar Pradesh","Mirzapur","2023-11-21",2023,11,0.0,"NRSC VIC MODEL"
"Uttar Pradesh","Mirzapur","2023-11-22",2023,11,0.0,"NRSC VIC MODEL"
"Uttar Pradesh","Mirzapur","2023-11-23",2023,11,0.0,"NRSC VIC MODEL"
"Uttar Pradesh","Mirzapur","2023-11-24",2023,11,0.0,"NRSC VIC MODEL"
"Uttar Pradesh","Mirzapur","2023-11-25",2023,11,0.0,"NRSC VIC MODEL"
"Uttar Pradesh","Mirzapur","2023-11-26",2023,11,0.0,"NRSC VIC MODEL"
"Uttar Pradesh","Mirzapur","2023-11-27",2023,11,0.0,"NRSC VIC MODEL"
"Uttar Pradesh","Mirzapur","2023-11-28",2023,11,3.4978358911,"NRSC VIC MODEL"
"Uttar Pradesh","Mirzapur","2023-11-29",2023,11,0.0011705964,"NRSC VIC MODEL"
"Uttar Pradesh","Mirzapur","2023-11-30",2023,11,2.2172332677,"NRSC VIC MODEL"
"Uttar Pradesh","Mirzapur","2023-10-01",2023,10,6.8367555363,"NRSC VIC MODEL"
"Uttar Pradesh","Mirzapur","2023-10-07",2023,10,0.8162778827,"NRSC VIC MODEL"
"Uttar Pradesh","Mirzapur","2023-10-08",2023,10,0.0,"NRSC VIC MODEL"
"Uttar Pradesh","Mirzapur","2023-10-09",2023,10,0.0,"NRSC VIC MODEL"
"Uttar Pradesh","Mirzapur","2023-10-10",2023,10,0.0,"NRSC VIC MODEL"
"Uttar Pradesh","Mirzapur","2023-10-11",2023,10,0.0,"NRSC VIC MODEL"
"Uttar Pradesh","Mirzapur","2023-10-13",2023,10,0.0,"NRSC VIC MODEL"
"Uttar Pradesh","Mirzapur","2023-10-14",2023,10,0.0,"NRSC VIC MODEL"
"Uttar Pradesh","Mirzapur","2023-10-12",2023,10,0.0,"NRSC VIC MODEL"
"Uttar Pradesh","Mirzapur","2023-10-15",2023,10,0.0,"NRSC VIC MODEL"
"Uttar Pradesh","Mirzapur","2023-10-16",2023,10,0.0,"NRSC VIC MODEL"
"Uttar Pradesh","Mirzapur","2023-10-17",2023,10,0.6626809107,"NRSC VIC MODEL"
"Uttar Pradesh","Mirzapur","2023-10-18",2023,10,0.0005807689,"NRSC VIC MODEL"
"Uttar Pradesh","Mirzapur","2023-10-21",2023,10,0.0,"NRSC VIC MODEL"
"Uttar Pradesh","Mirzapur","2023-10-23",2023,10,0.0,"NRSC VIC MODEL"
"Uttar Pradesh","Mirzapur","2023-10-24",2023,10,0.0,"NRSC VIC MODEL"
"Uttar Pradesh","Mirzapur","2023-10-25",2023,10,0.0,"NRSC VIC MODEL"
"Uttar Pradesh","Mirzapur","2023-10-26",2023,10,0.0,"NRSC VIC MODEL"
"Uttar Pradesh","Mirzapur","2023-10-27",2023,10,0.0,"NRSC VIC MODEL"
"Uttar Pradesh","Mirzapur","2023-10-28",2023,10,0.0,"NRSC VIC MODEL"
"Uttar Pradesh","Mirzapur","2023-10-29",2023,10,0.0,"NRSC VIC MODEL"
"Uttar Pradesh","Mirzapur","2023-10-30",2023,10,0.0,"NRSC VIC MODEL"
"Uttar Pradesh","Mirzapur","2023-10-31",2023,10,0.006606889,"NRSC VIC MODEL"
"Uttar Pradesh","Mirzapur","2023-09-29",2023,9,0.0039111422,"NRSC VIC MODEL"
"Uttar Pradesh","Mirzapur","2023-09-30",2023,9,0.1690392917,"NRSC VIC MODEL"
"Uttar Pradesh","Mirzapur","2023-09-01",2023,9,0.002258333,"NRSC VIC MODEL"
"Uttar Pradesh","Mirzapur","2023-09-02",2023,9,0.0,"NRSC VIC MODEL"
"Uttar Pradesh","Mirzapur","2023-09-03",2023,9,0.0237619317,"NRSC VIC MODEL"
"Uttar Pradesh","Mirzapur","2023-09-04",2023,9,0.0478280407,"NRSC VIC MODEL"
"Uttar Pradesh","Mirzapur","2023-09-05",2023,9,1.0694527902,"NRSC VIC MODEL"
"Uttar Pradesh","Mirzapur","2023-09-06",2023,9,5.412609618,"NRSC VIC MODEL"
"Uttar Pradesh","Mirzapur","2023-09-07",2023,9,44.1189523284,"NRSC VIC MODEL"
"Uttar Pradesh","Mirzapur","2023-09-08",2023,9,6.1599668635,"NRSC VIC MODEL"
"Uttar Pradesh","Mirzapur","2023-09-09",2023,9,4.4652128642,"NRSC VIC MODEL"
"Uttar Pradesh","Mirzapur","2023-09-10",2023,9,5.1205563537,"NRSC VIC MODEL"
"Uttar Pradesh","Mirzapur","2023-09-11",2023,9,6.1006495525,"NRSC VIC MODEL"
"Uttar Pradesh","Mirzapur","2023-09-12",2023,9,3.5498262377,"NRSC VIC MODEL"
"Uttar Pradesh","Mirzapur","2023-09-13",2023,9,0.4682491577,"NRSC VIC MODEL"
"Uttar Pradesh","Mirzapur","2023-09-14",2023,9,7.7510764862,"NRSC VIC MODEL"
"Uttar Pradesh","Mirzapur","2023-09-15",2023,9,0.1907423774,"NRSC VIC MODEL"
"Uttar Pradesh","Mirzapur","2023-09-16",2023,9,4.9755680861,"NRSC VIC MODEL"
"Uttar Pradesh","Mirzapur","2023-09-17",2023,9,1.326757867,"NRSC VIC MODEL"
"Uttar Pradesh","Mirzapur","2023-09-18",2023,9,0.1201230363,"NRSC VIC MODEL"
"Uttar Pradesh","Mirzapur","2023-09-19",2023,9,3.8422476799,"NRSC VIC MODEL"
"Uttar Pradesh","Mirzapur","2023-09-20",2023,9,4.1140594629,"NRSC VIC MODEL"
"Uttar Pradesh","Mirzapur","2023-09-21",2023,9,0.0325987573,"NRSC VIC MODEL"
"Uttar Pradesh","Mirzapur","2023-09-22",2023,9,0.8737295662,"NRSC VIC MODEL"
"Uttar Pradesh","Mirzapur","2023-09-23",2023,9,0.5039104371,"NRSC VIC MODEL"
"Uttar Pradesh","Mirzapur","2023-09-24",2023,9,0.076176243,"NRSC VIC MODEL"
"Uttar Pradesh","Mirzapur","2023-09-25",2023,9,0.0873030723,"NRSC VIC MODEL"
"Uttar Pradesh","Mirzapur","2023-09-26",2023,9,0.5435062723,"NRSC VIC MODEL"
"Uttar Pradesh","Mirzapur","2023-09-27",2023,9,0.0069924663,"NRSC VIC MODEL"
"Uttar Pradesh","Mirzapur","2023-09-28",2023,9,0.0003261482,"NRSC VIC MODEL"
